40	0
48	1
52	2
54	3
57	4
93	5
102	6
110	7
114	8
132	9
140	10
151	11
159	12
162	13
172	14
173	15
183	16
184	17
186	18
192	19
203	20
217	21
220	22
222	23
223	24
230	25
238	26
255	27
262	28
280	29
289	30
291	31
293	32
296	33
299	34
301	35
306	36
309	37
310	38
311	39
313	40
321	41
326	42
329	43
336	44
338	45
339	46
341	47
352	48
376	49
408	50
414	51
422	52
426	53
428	54
431	55
432	56
440	57
446	58
447	59
461	60
462	61
463	62
490	63
493	64
494	65
495	66
496	67
502	68
522	69
533	70
542	71
557	72
578	73
638	74
640	75
649	76
651	77
653	78
656	79
658	80
659	81
667	82
678	83
680	84
688	85
693	86
696	87
698	88
704	89
707	90
709	91
714	92
721	93
727	94
732	95
739	96
746	97
749	98
766	99
768	100
770	101
775	102
776	103
778	104
780	105
781	106
785	107
787	108
797	109
804	110
826	111
839	112
845	113
847	114
850	115
861	116
865	117
875	118
877	119
878	120
881	121
887	122
888	123
891	124
895	125
897	126
900	127
912	128
917	129
920	130
921	131
927	132
933	133
940	134
942	135
948	136
952	137
955	138
969	139
971	140
973	141
981	142
984	143
986	144
990	145
993	146
994	147
1014	148
1017	149
1027	150
1029	151
1032	152
1040	153
1042	154
1044	155
1046	156
1049	157
1050	158
1052	159
1059	160
1061	161
1064	162
1066	163
1075	164
1080	165
1081	166
1084	167
1086	168
1095	169
1097	170
1100	171
1103	172
1105	173
1117	174
1131	175
1136	176
1149	177
1156	178
1159	179
1163	180
1169	181
1174	182
1187	183
1188	184
1190	185
1192	186
1206	187
1207	188
1212	189
1214	190
1227	191
1231	192
1247	193
1249	194
1251	195
1255	196
1260	197
1261	198
1271	199
1282	200
1284	201
1288	202
1290	203
1291	204
1292	205
1293	206
1294	207
1295	208
1297	209
1304	210
1310	211
1312	212
1313	213
1314	214
1319	215
1328	216
1333	217
1337	218
1338	219
1341	220
1343	221
1348	222
1351	223
1352	224
1356	225
1358	226
1359	227
1361	228
1363	229
1366	230
1371	231
1373	232
1374	233
1377	234
1379	235
1383	236
1384	237
1398	238
1407	239
1408	240
1410	241
1412	242
1414	243
1416	244
1418	245
1421	246
1423	247
1426	248
1429	249
1432	250
1434	251
1440	252
1443	253
1444	254
1448	255
1456	256
1460	257
1466	258
1471	259
1474	260
1476	261
1477	262
1482	263
1485	264
1487	265
1494	266
1495	267
1502	268
1503	269
1506	270
1507	271
1510	272
1514	273
1515	274
1516	275
1518	276
1527	277
1529	278
1541	279
1542	280
1546	281
1548	282
1556	283
1557	284
1561	285
1564	286
1565	287
1567	288
1571	289
1575	290
1576	291
1578	292
1585	293
1588	294
1594	295
1600	296
1605	297
1611	298
1623	299
1625	300
1627	301
1633	302
1634	303
1637	304
1654	305
1655	306
1657	307
1659	308
1660	309
1662	310
1667	311
1672	312
1677	313
1679	314
1688	315
1690	316
1694	317
1696	318
1699	319
1700	320
1705	321
1714	322
1717	323
1723	324
1727	325
1732	326
1738	327
1740	328
1743	329
1744	330
1753	331
1762	332
1763	333
1772	334
1775	335
1780	336
1784	337
1787	338
1809	339
1811	340
1815	341
1816	342
1821	343
1824	344
1834	345
1842	346
1844	347
1846	348
1848	349
1849	350
1856	351
1858	352
1862	353
1865	354
1868	355
1872	356
1883	357
1884	358
1886	359
1888	360
1891	361
1896	362
1898	363
1900	364
1906	365
1911	366
1914	367
1919	368
1920	369
1927	370
1930	371
1931	372
1933	373
1936	374
1938	375
1943	376
1960	377
1961	378
1972	379
1982	380
1986	381
1988	382
1994	383
1995	384
1997	385
1999	386
2011	387
2016	388
2019	389
2020	390
2022	391
2023	392
2029	393
2035	394
2040	395
2043	396
2046	397
2050	398
2051	399
2056	400
2059	401
2061	402
2067	403
2068	404
2073	405
2077	406
2087	407
2091	408
2092	409
2094	410
2103	411
2109	412
2118	413
2119	414
2123	415
2128	416
2129	417
2131	418
2135	419
2137	420
2138	421
2146	422
2154	423
2158	424
2163	425
2165	426
2169	427
2175	428
2184	429
2185	430
2195	431
2201	432
2203	433
2210	434
2221	435
2222	436
2224	437
2226	438
2227	439
2229	440
2231	441
2232	442
2235	443
2236	444
2238	445
2239	446
2255	447
2263	448
2265	449
2274	450
2278	451
2279	452
2283	453
2285	454
2288	455
2291	456
2305	457
2306	458
2311	459
2313	460
2315	461
2324	462
2326	463
2336	464
2347	465
2349	466
2350	467
2353	468
2355	469
2362	470
2367	471
2373	472
2385	473
2387	474
2390	475
2392	476
2407	477
2433	478
2434	479
2439	480
2441	481
2447	482
2448	483
2450	484
2451	485
2452	486
2457	487
2459	488
2461	489
2471	490
2476	491
2484	492
2490	493
2492	494
2494	495
2497	496
2499	497
2507	498
2511	499
2512	500
2515	501
2516	502
2517	503
2524	504
2530	505
2532	506
2535	507
2538	508
2545	509
2551	510
2556	511
2562	512
2572	513
2575	514
2588	515
2597	516
2599	517
2600	518
2601	519
2613	520
2616	521
2618	522
2621	523
2624	524
2630	525
2633	526
2640	527
2642	528
2643	529
2646	530
2648	531
2649	532
2650	533
2653	534
2657	535
2661	536
2679	537
2682	538
2685	539
2687	540
2690	541
2693	542
2695	543
2697	544
2698	545
2700	546
2702	547
2704	548
2706	549
2709	550
2713	551
2716	552
2720	553
2728	554
2739	555
2740	556
2746	557
2748	558
2750	559
2751	560
2753	561
2755	562
2756	563
2757	564
2759	565
2766	566
2771	567
2776	568
2777	569
2781	570
2784	571
2786	572
2788	573
2792	574
2793	575
2798	576
2801	577
2803	578
2804	579
2805	580
2806	581
2808	582
2826	583
2829	584
2836	585
2850	586
2851	587
2857	588
2858	589
2859	590
2860	591
2861	592
2863	593
2864	594
2866	595
2870	596
2871	597
2876	598
2879	599
2882	600
2884	601
2886	602
2887	603
2888	604
2891	605
2894	606
2897	607
2899	608
2903	609
2913	610
2916	611
2918	612
2930	613
2935	614
2937	615
2945	616
2949	617
2950	618
2954	619
2961	620
2973	621
2975	622
2980	623
2982	624
2985	625
2990	626
2992	627
2996	628
3000	629
3002	630
3005	631
3011	632
3012	633
3013	634
3014	635
3018	636
3020	637
3035	638
3036	639
3060	640
3070	641
3072	642
3073	643
3074	644
3084	645
3086	646
3091	647
3105	648
3107	649
3110	650
3113	651
3116	652
3120	653
3122	654
3124	655
3125	656
3127	657
3131	658
3133	659
3135	660
3136	661
3142	662
3157	663
3159	664
3163	665
3168	666
3179	667
3184	668
3190	669
3191	670
3209	671
3213	672
3217	673
3221	674
3225	675
3230	676
3235	677
3237	678
3250	679
3252	680
3253	681
3256	682
3260	683
3262	684
3267	685
3286	686
3291	687
3296	688
3299	689
3300	690
3302	691
3316	692
3319	693
3323	694
3325	695
3326	696
3328	697
3330	698
3332	699
3333	700
3342	701
3345	702
3349	703
3359	704
3363	705
3364	706
3367	707
3369	708
3371	709
3372	710
3376	711
3378	712
3379	713
3380	714
3383	715
3395	716
3396	717
3405	718
3406	719
3407	720
3409	721
3411	722
3424	723
3432	724
3434	725
3438	726
3459	727
3466	728
3468	729
3470	730
3473	731
3477	732
3483	733
3490	734
3493	735
3499	736
3501	737
3506	738
3508	739
3512	740
3517	741
3521	742
3523	743
3525	744
3528	745
3533	746
3536	747
3545	748
3548	749
3555	750
3557	751
3560	752
3571	753
3593	754
3595	755
3596	756
3598	757
3603	758
3605	759
3606	760
3608	761
3612	762
3616	763
3619	764
3625	765
3632	766
3633	767
3634	768
3640	769
3642	770
3643	771
3645	772
3648	773
3652	774
3653	775
3655	776
3658	777
3664	778
3665	779
3667	780
3669	781
3673	782
3677	783
3678	784
3691	785
3701	786
3705	787
3708	788
3710	789
3719	790
3722	791
3723	792
3728	793
3729	794
3730	795
3731	796
3734	797
3740	798
3742	799
3749	800
3750	801
3764	802
3768	803
3771	804
3774	805
3778	806
3780	807
3781	808
3783	809
3790	810
3792	811
3799	812
3808	813
3815	814
3822	815
3826	816
3829	817
3832	818
3833	819
3840	820
3841	821
3842	822
3843	823
3845	824
3846	825
3849	826
3852	827
3855	828
3862	829
3864	830
3866	831
3868	832
3873	833
3876	834
3881	835
3886	836
3888	837
3897	838
3909	839
3918	840
3920	841
3922	842
3936	843
3945	844
3947	845
3949	846
3952	847
3958	848
3973	849
3979	850
3982	851
3989	852
3996	853
4001	854
4006	855
4008	856
4020	857
4024	858
4026	859
4032	860
4036	861
4041	862
4045	863
4047	864
4048	865
4057	866
4058	867
4066	868
4069	869
4072	870
4076	871
4079	872
4083	873
4085	874
4090	875
4100	876
4107	877
4110	878
4112	879
4113	880
4123	881
4124	882
4127	883
4135	884
4136	885
4137	886
4138	887
4144	888
4149	889
4150	890
4153	891
4156	892
4166	893
4168	894
4186	895
4190	896
4197	897
4205	898
4206	899
4212	900
4217	901
4219	902
4222	903
4224	904
4226	905
4227	906
4229	907
4232	908
4233	909
4240	910
4245	911
4247	912
4249	913
4255	914
4260	915
4264	916
4266	917
4268	918
4272	919
4274	920
4281	921
4282	922
4289	923
4290	924
4295	925
4309	926
4310	927
4313	928
4324	929
4330	930
4332	931
4337	932
4340	933
4341	934
4344	935
4346	936
4352	937
4353	938
4360	939
4361	940
4363	941
4366	942
4372	943
4378	944
4387	945
4391	946
4392	947
4397	948
4399	949
4400	950
4401	951
4403	952
4404	953
4409	954
4416	955
4419	956
4424	957
4429	958
4431	959
4432	960
4433	961
4436	962
4437	963
4440	964
4446	965
4450	966
4457	967
4460	968
4463	969
4464	970
4467	971
4478	972
4480	973
4481	974
4482	975
4485	976
4486	977
4495	978
4498	979
4499	980
4500	981
4505	982
4507	983
4508	984
4518	985
4528	986
4532	987
4541	988
4546	989
4549	990
4551	991
4553	992
4554	993
4555	994
4556	995
4557	996
4559	997
4560	998
4561	999
4567	1000
4582	1001
4583	1002
4585	1003
4587	1004
4589	1005
4592	1006
4595	1007
4597	1008
4601	1009
4612	1010
4620	1011
4624	1012
4627	1013
4633	1014
4639	1015
4640	1016
4642	1017
4644	1018
4645	1019
4651	1020
4652	1021
4653	1022
4654	1023
4658	1024
4666	1025
4672	1026
4674	1027
4675	1028
4687	1029
4688	1030
4692	1031
4696	1032
4699	1033
4704	1034
4705	1035
4707	1036
4721	1037
4729	1038
4730	1039
4731	1040
4734	1041
4738	1042
4742	1043
4755	1044
4761	1045
4762	1046
4768	1047
4769	1048
4772	1049
4778	1050
4781	1051
4782	1052
4786	1053
4793	1054
4797	1055
4800	1056
4802	1057
4804	1058
4806	1059
4811	1060
4815	1061
4837	1062
4846	1063
4853	1064
4865	1065
4874	1066
4882	1067
4883	1068
4884	1069
4887	1070
4893	1071
4894	1072
4906	1073
4914	1074
4915	1075
4924	1076
4925	1077
4926	1078
4928	1079
4930	1080
4934	1081
4937	1082
4943	1083
4945	1084
4947	1085
4954	1086
4958	1087
4967	1088
4977	1089
4980	1090
4986	1091
4988	1092
4989	1093
4991	1094
4992	1095
4998	1096
5000	1097
5005	1098
5006	1099
5018	1100
5022	1101
5028	1102
5031	1103
5032	1104
5040	1105
5042	1106
5045	1107
5047	1108
5051	1109
5055	1110
5059	1111
5062	1112
5063	1113
5070	1114
5079	1115
5080	1116
5081	1117
5082	1118
5084	1119
5085	1120
5087	1121
5088	1122
5089	1123
5091	1124
5092	1125
5093	1126
5094	1127
5095	1128
5097	1129
5098	1130
5100	1131
5101	1132
5102	1133
5103	1134
5104	1135
5105	1136
5106	1137
5107	1138
5108	1139
5109	1140
5110	1141
5112	1142
5118	1143
5119	1144
5123	1145
5131	1146
5133	1147
5135	1148
5137	1149
5142	1150
5144	1151
5154	1152
5161	1153
5162	1154
5163	1155
5167	1156
5178	1157
5183	1158
5187	1159
5190	1160
5196	1161
5198	1162
5199	1163
5200	1164
5204	1165
5212	1166
5213	1167
5215	1168
5216	1169
5218	1170
5219	1171
5221	1172
5222	1173
5224	1174
5225	1175
5229	1176
5232	1177
5234	1178
5236	1179
5238	1180
5240	1181
5245	1182
5248	1183
5250	1184
5251	1185
5252	1186
5262	1187
5265	1188
5278	1189
5280	1190
5281	1191
5288	1192
5292	1193
5294	1194
5296	1195
5297	1196
5298	1197
5301	1198
5304	1199
5305	1200
5306	1201
5316	1202
5325	1203
5329	1204
5332	1205
5335	1206
5337	1207
5341	1208
5345	1209
5346	1210
5347	1211
5348	1212
5351	1213
5353	1214
5360	1215
5362	1216
5364	1217
5365	1218
5368	1219
5369	1220
5378	1221
5379	1222
5383	1223
5400	1224
5405	1225
5409	1226
5410	1227
5417	1228
5430	1229
5436	1230
5441	1231
5446	1232
5449	1233
5452	1234
5453	1235
5455	1236
5456	1237
5461	1238
5469	1239
5477	1240
5480	1241
5482	1242
5485	1243
5488	1244
5493	1245
5496	1246
5498	1247
5500	1248
5501	1249
5503	1250
5504	1251
5505	1252
5507	1253
5508	1254
5509	1255
5511	1256
5513	1257
5515	1258
5516	1259
5518	1260
5519	1261
5520	1262
5521	1263
5522	1264
5523	1265
5524	1266
5525	1267
5526	1268
5527	1269
5528	1270
5537	1271
5538	1272
5539	1273
5540	1274
5541	1275
5542	1276
5551	1277
5556	1278
5560	1279
5567	1280
5575	1281
5582	1282
5606	1283
5607	1284
5615	1285
5618	1286
5631	1287
5635	1288
5636	1289
5638	1290
5640	1291
5642	1292
5648	1293
5650	1294
5651	1295
5652	1296
5653	1297
5655	1298
5658	1299
5662	1300
5664	1301
5669	1302
5673	1303
5675	1304
5678	1305
5679	1306
5684	1307
5689	1308
5692	1309
5695	1310
5697	1311
5701	1312
5708	1313
5710	1314
5712	1315
5713	1316
5714	1317
5721	1318
5722	1319
5726	1320
5733	1321
5734	1322
5739	1323
5741	1324
5746	1325
5750	1326
5753	1327
5756	1328
5757	1329
5763	1330
5764	1331
5765	1332
5770	1333
5771	1334
5775	1335
5776	1336
5778	1337
5784	1338
5791	1339
5792	1340
5798	1341
5803	1342
5809	1343
5811	1344
5813	1345
5818	1346
5840	1347
5843	1348
5847	1349
5851	1350
5854	1351
5855	1352
5857	1353
5864	1354
5871	1355
5873	1356
5874	1357
5881	1358
5882	1359
5886	1360
5893	1361
5895	1362
5898	1363
5900	1364
5906	1365
5908	1366
5910	1367
5914	1368
5925	1369
5926	1370
5933	1371
5939	1372
5941	1373
5943	1374
5946	1375
5948	1376
5953	1377
5957	1378
5959	1379
5962	1380
5968	1381
5970	1382
5974	1383
5977	1384
5978	1385
5981	1386
5982	1387
5983	1388
5984	1389
5986	1390
5993	1391
5997	1392
5998	1393
6004	1394
6006	1395
6019	1396
6021	1397
6022	1398
6023	1399
6034	1400
6038	1401
6049	1402
6055	1403
6061	1404
6068	1405
6075	1406
6080	1407
6081	1408
6082	1409
6094	1410
6098	1411
6105	1412
6114	1413
6116	1414
6117	1415
6118	1416
6120	1417
6123	1418
6125	1419
6126	1420
6137	1421
6141	1422
6148	1423
6149	1424
6152	1425
6157	1426
6158	1427
6161	1428
6167	1429
6169	1430
6171	1431
6174	1432
6179	1433
6182	1434
6190	1435
6191	1436
6193	1437
6202	1438
6216	1439
6224	1440
6229	1441
6231	1442
6234	1443
6248	1444
6250	1445
6258	1446
6264	1447
6266	1448
6268	1449
6274	1450
6276	1451
6280	1452
6287	1453
6292	1454
6294	1455
6297	1456
6303	1457
6305	1458
6306	1459
6310	1460
6325	1461
6333	1462
6343	1463
6345	1464
6351	1465
6352	1466
6353	1467
6359	1468
6360	1469
6365	1470
6377	1471
6386	1472
6391	1473
6393	1474
6399	1475
6405	1476
6408	1477
6409	1478
6411	1479
6413	1480
6415	1481
6419	1482
6423	1483
6424	1484
6425	1485
6439	1486
6441	1487
6443	1488
6451	1489
6453	1490
6457	1491
6459	1492
6460	1493
6462	1494
6467	1495
6468	1496
6469	1497
6470	1498
6471	1499
6472	1500
6473	1501
6474	1502
6476	1503
6477	1504
6478	1505
6480	1506
6481	1507
6483	1508
6484	1509
6494	1510
6497	1511
6505	1512
6507	1513
6509	1514
6515	1515
6518	1516
6522	1517
6529	1518
6533	1519
6538	1520
6539	1521
6551	1522
6553	1523
6554	1524
6562	1525
6565	1526
6566	1527
6568	1528
6575	1529
6581	1530
6594	1531
6596	1532
6597	1533
6598	1534
6600	1535
6610	1536
6613	1537
6616	1538
6619	1539
6620	1540
6621	1541
6622	1542
6632	1543
6634	1544
6642	1545
6649	1546
6651	1547
6655	1548
6656	1549
6660	1550
6663	1551
6672	1552
6674	1553
6690	1554
6709	1555
6710	1556
6712	1557
6716	1558
6717	1559
6718	1560
6719	1561
6722	1562
6729	1563
6732	1564
6739	1565
6743	1566
6744	1567
6748	1568
6754	1569
6756	1570
6759	1571
6763	1572
6771	1573
6772	1574
6773	1575
6776	1576
6781	1577
6784	1578
6790	1579
6800	1580
6815	1581
6817	1582
6818	1583
6827	1584
6829	1585
6842	1586
6843	1587
6862	1588
6870	1589
6873	1590
6874	1591
6877	1592
6880	1593
6882	1594
6884	1595
6888	1596
6899	1597
6901	1598
6905	1599
6907	1600
6911	1601
6914	1602
6922	1603
6923	1604
6924	1605
6925	1606
6926	1607
6929	1608
6935	1609
6943	1610
6945	1611
6946	1612
6957	1613
6964	1614
6977	1615
6983	1616
6988	1617
6990	1618
6992	1619
7002	1620
7005	1621
7009	1622
7012	1623
7022	1624
7026	1625
7028	1626
7030	1627
7033	1628
7035	1629
7043	1630
7044	1631
7046	1632
7051	1633
7056	1634
7061	1635
7062	1636
7064	1637
7066	1638
7072	1639
7073	1640
7079	1641
7080	1642
7082	1643
7089	1644
7094	1645
7099	1646
7105	1647
7109	1648
7113	1649
7119	1650
7123	1651
7124	1652
7126	1653
7128	1654
7131	1655
7133	1656
7137	1657
7139	1658
7141	1659
7148	1660
7152	1661
7163	1662
7168	1663
7170	1664
7174	1665
7177	1666
7180	1667
7186	1668
7191	1669
7193	1670
7194	1671
7195	1672
7196	1673
7197	1674
7200	1675
7203	1676
7205	1677
7206	1678
7211	1679
7213	1680
7230	1681
7235	1682
7236	1683
7237	1684
7246	1685
7248	1686
7252	1687
7255	1688
7257	1689
7263	1690
7272	1691
7275	1692
7278	1693
7281	1694
7293	1695
7324	1696
7331	1697
7332	1698
7334	1699
7337	1700
7345	1701
7346	1702
7350	1703
7354	1704
7358	1705
7363	1706
7365	1707
7367	1708
7371	1709
7376	1710
7377	1711
7386	1712
7388	1713
7389	1714
7392	1715
7401	1716
7406	1717
7407	1718
7408	1719
7409	1720
7411	1721
7414	1722
7417	1723
7425	1724
7438	1725
7439	1726
7441	1727
7444	1728
7445	1729
7448	1730
7450	1731
7454	1732
7455	1733
7456	1734
7458	1735
7473	1736
7478	1737
7481	1738
7490	1739
7493	1740
7495	1741
7500	1742
7504	1743
7507	1744
7508	1745
7509	1746
7511	1747
7513	1748
7514	1749
7521	1750
7523	1751
7526	1752
7528	1753
7531	1754
7532	1755
7533	1756
7536	1757
7538	1758
7541	1759
7542	1760
7550	1761
7552	1762
7553	1763
7554	1764
7556	1765
7557	1766
7561	1767
7565	1768
7576	1769
7578	1770
7586	1771
7594	1772
7598	1773
7605	1774
7607	1775
7616	1776
7619	1777
7621	1778
7624	1779
7630	1780
7635	1781
7643	1782
7645	1783
7649	1784
7658	1785
7675	1786
7678	1787
7679	1788
7692	1789
7693	1790
7698	1791
7705	1792
7707	1793
7709	1794
7712	1795
7716	1796
7718	1797
7721	1798
7723	1799
7724	1800
7731	1801
7732	1802
7734	1803
7735	1804
7743	1805
7750	1806
7753	1807
7754	1808
7756	1809
7759	1810
7761	1811
7766	1812
7775	1813
7779	1814
7780	1815
7781	1816
7790	1817
7792	1818
7794	1819
7796	1820
7804	1821
7809	1822
7814	1823
7816	1824
7817	1825
7818	1826
7823	1827
7825	1828
7836	1829
7837	1830
7844	1831
7846	1832
7847	1833
7848	1834
7856	1835
7862	1836
7865	1837
7869	1838
7871	1839
7873	1840
7877	1841
7878	1842
7880	1843
7882	1844
7883	1845
7885	1846
7887	1847
7899	1848
7901	1849
7903	1850
7908	1851
7909	1852
7914	1853
7917	1854
7920	1855
7922	1856
7931	1857
7933	1858
7937	1859
7941	1860
7944	1861
7945	1862
7946	1863
7947	1864
7950	1865
7954	1866
7957	1867
7959	1868
7963	1869
7964	1870
7965	1871
7967	1872
7975	1873
7981	1874
7989	1875
7990	1876
7991	1877
7998	1878
8000	1879
8001	1880
8002	1881
8003	1882
8005	1883
8007	1884
8013	1885
8015	1886
8024	1887
8026	1888
8036	1889
8038	1890
8043	1891
8044	1892
8049	1893
8051	1894
8056	1895
8062	1896
8067	1897
8068	1898
8075	1899
8077	1900
8082	1901
8089	1902
8095	1903
8096	1904
8101	1905
8103	1906
8105	1907
8113	1908
8114	1909
8115	1910
8118	1911
8124	1912
8129	1913
8133	1914
8135	1915
8154	1916
8155	1917
8156	1918
8160	1919
8162	1920
8165	1921
8170	1922
8172	1923
8174	1924
8177	1925
8181	1926
8183	1927
8199	1928
8201	1929
8202	1930
8204	1931
8210	1932
8211	1933
8213	1934
8215	1935
8216	1936
8217	1937
8219	1938
8221	1939
8223	1940
8224	1941
8225	1942
8226	1943
8227	1944
8228	1945
8230	1946
8231	1947
8232	1948
8233	1949
8234	1950
8235	1951
8236	1952
8237	1953
8238	1954
8240	1955
8242	1956
8244	1957
8246	1958
8247	1959
8248	1960
8250	1961
8251	1962
8252	1963
8253	1964
8255	1965
8256	1966
8266	1967
8272	1968
8274	1969
8280	1970
8288	1971
8290	1972
8292	1973
8293	1974
8294	1975
8296	1976
8297	1977
8298	1978
8299	1979
8300	1980
8301	1981
8302	1982
8303	1983
8308	1984
8314	1985
8316	1986
8320	1987
8324	1988
8335	1989
8336	1990
8340	1991
8341	1992
8345	1993
8346	1994
8348	1995
8349	1996
8356	1997
8361	1998
8362	1999
8363	2000
8377	2001
8379	2002
8383	2003
8388	2004
8394	2005
8397	2006
8413	2007
8424	2008
8433	2009
8438	2010
8439	2011
8442	2012
8448	2013
8457	2014
8461	2015
8463	2016
8464	2017
8466	2018
8468	2019
8471	2020
8485	2021
8487	2022
8490	2023
8495	2024
8500	2025
8502	2026
8503	2027
8509	2028
8511	2029
8515	2030
8517	2031
8533	2032
8544	2033
8545	2034
8547	2035
8548	2036
8549	2037
8552	2038
8557	2039
8560	2040
8563	2041
8572	2042
8573	2043
8574	2044
8580	2045
8581	2046
8591	2047
8594	2048
8597	2049
8602	2050
8624	2051
8633	2052
8636	2053
8640	2054
8645	2055
8650	2056
8651	2057
8653	2058
8655	2059
8656	2060
8657	2061
8658	2062
8669	2063
8670	2064
8676	2065
8677	2066
8679	2067
8680	2068
8683	2069
8689	2070
8690	2071
8691	2072
8692	2073
8693	2074
8708	2075
8711	2076
8714	2077
8716	2078
8718	2079
8719	2080
8721	2081
8725	2082
8731	2083
8736	2084
8737	2085
8742	2086
8744	2087
8745	2088
8753	2089
8754	2090
8756	2091
8761	2092
8763	2093
8767	2094
8769	2095
8771	2096
8773	2097
8775	2098
8780	2099
8786	2100
8792	2101
8797	2102
8801	2103
8806	2104
8809	2105
8810	2106
8811	2107
8818	2108
8821	2109
8826	2110
8830	2111
8833	2112
8836	2113
8837	2114
8840	2115
8845	2116
8847	2117
8854	2118
8856	2119
8857	2120
8860	2121
8862	2122
8868	2123
8879	2124
8887	2125
8889	2126
8893	2127
8895	2128
8899	2129
8901	2130
8908	2131
8912	2132
8915	2133
8916	2134
8920	2135
8930	2136
8935	2137
8936	2138
8940	2139
8943	2140
8945	2141
8949	2142
8954	2143
8964	2144
8967	2145
8975	2146
8976	2147
8977	2148
8978	2149
8982	2150
8984	2151
8986	2152
8987	2153
8990	2154
8991	2155
8993	2156
8994	2157
8995	2158
9000	2159
9001	2160
9008	2161
9012	2162
9018	2163
9020	2164
9024	2165
9033	2166
9035	2167
9036	2168
9040	2169
9042	2170
9046	2171
9061	2172
9063	2173
9065	2174
9066	2175
9068	2176
9072	2177
9078	2178
9086	2179
9088	2180
9090	2181
9094	2182
9097	2183
9101	2184
9120	2185
9126	2186
9130	2187
9136	2188
9140	2189
9141	2190
9144	2191
9145	2192
9146	2193
9149	2194
9151	2195
9152	2196
9153	2197
9156	2198
9157	2199
9158	2200
9165	2201
9167	2202
9169	2203
9180	2204
9182	2205
9183	2206
9191	2207
9192	2208
9193	2209
9198	2210
9220	2211
9223	2212
9225	2213
9228	2214
9232	2215
9235	2216
9238	2217
9242	2218
9245	2219
9256	2220
9258	2221
9261	2222
9264	2223
9265	2224
9268	2225
9273	2226
9274	2227
9276	2228
9278	2229
9285	2230
9288	2231
9297	2232
9301	2233
9305	2234
9310	2235
9319	2236
9329	2237
9345	2238
9349	2239
9352	2240
9353	2241
9373	2242
9379	2243
9382	2244
9386	2245
9387	2246
9388	2247
9390	2248
9395	2249
9397	2250
9399	2251
9401	2252
9408	2253
9411	2254
9414	2255
9416	2256
9417	2257
9419	2258
9420	2259
9421	2260
9425	2261
9428	2262
9432	2263
9442	2264
9443	2265
9447	2266
9452	2267
9457	2268
9462	2269
9463	2270
9469	2271
9473	2272
9476	2273
9478	2274
9484	2275
9486	2276
9487	2277
9488	2278
9491	2279
9494	2280
9498	2281
9500	2282
9509	2283
9513	2284
9515	2285
9517	2286
9523	2287
9529	2288
9533	2289
9534	2290
9541	2291
9542	2292
9545	2293
9549	2294
9551	2295
9560	2296
9561	2297
9563	2298
9564	2299
9565	2300
9566	2301
9569	2302
9571	2303
9573	2304
9579	2305
9580	2306
9581	2307
9582	2308
9584	2309
9585	2310
9586	2311
9603	2312
9606	2313
9609	2314
9614	2315
9615	2316
9616	2317
9622	2318
9628	2319
9630	2320
9633	2321
9635	2322
9636	2323
9637	2324
9639	2325
9641	2326
9644	2327
9650	2328
9651	2329
9657	2330
9658	2331
9669	2332
9670	2333
9671	2334
9679	2335
9681	2336
9684	2337
9697	2338
9698	2339
9699	2340
9704	2341
9707	2342
9712	2343
9716	2344
9718	2345
9720	2346
9727	2347
9729	2348
9731	2349
9735	2350
9738	2351
9748	2352
9759	2353
9766	2354
9770	2355
9773	2356
9776	2357
9778	2358
9780	2359
9785	2360
9795	2361
9802	2362
9805	2363
9808	2364
9810	2365
9811	2366
9817	2367
9818	2368
9826	2369
9828	2370
9832	2371
9836	2372
9842	2373
9844	2374
9845	2375
9847	2376
9850	2377
9851	2378
9852	2379
9854	2380
9855	2381
9856	2382
9857	2383
9859	2384
9875	2385
9876	2386
9883	2387
9884	2388
9886	2389
9887	2390
9891	2391
9893	2392
9894	2393
9897	2394
9907	2395
9910	2396
9912	2397
9914	2398
9922	2399
9924	2400
9926	2401
9928	2402
9931	2403
9935	2404
9939	2405
9946	2406
9953	2407
9964	2408
9967	2409
9968	2410
9977	2411
9981	2412
9983	2413
9987	2414
9993	2415
9997	2416
9998	2417
10002	2418
10003	2419
10005	2420
10007	2421
10010	2422
10011	2423
10012	2424
10014	2425
10015	2426
10018	2427
10021	2428
10024	2429
10031	2430
10032	2431
10034	2432
10035	2433
10050	2434
10052	2435
10062	2436
10063	2437
10068	2438
10069	2439
10070	2440
10071	2441
10076	2442
10088	2443
10089	2444
10090	2445
10093	2446
10097	2447
10100	2448
10110	2449
10115	2450
10117	2451
10122	2452
10123	2453
10124	2454
10126	2455
10128	2456
10131	2457
10135	2458
10143	2459
10144	2460
10145	2461
10147	2462
10155	2463
10159	2464
10165	2465
10166	2466
10172	2467
10174	2468
10179	2469
10182	2470
10197	2471
10201	2472
10209	2473
10210	2474
10216	2475
10217	2476
10220	2477
10225	2478
10227	2479
10228	2480
10235	2481
10236	2482
10246	2483
10251	2484
10258	2485
10263	2486
10270	2487
10272	2488
10277	2489
10286	2490
10288	2491
10290	2492
10292	2493
10293	2494
10299	2495
10305	2496
10306	2497
10307	2498
10308	2499
10314	2500
10316	2501
10323	2502
10325	2503
10326	2504
10328	2505
10330	2506
10331	2507
10333	2508
10335	2509
10343	2510
10346	2511
10348	2512
10350	2513
10352	2514
10353	2515
10358	2516
10360	2517
10367	2518
10369	2519
10372	2520
10375	2521
10381	2522
10383	2523
10386	2524
10388	2525
10393	2526
10394	2527
10397	2528
10398	2529
10402	2530
10403	2531
10404	2532
10405	2533
10406	2534
10409	2535
10416	2536
10417	2537
10427	2538
10428	2539
10429	2540
10432	2541
10434	2542
10435	2543
10436	2544
10439	2545
10446	2546
10452	2547
10453	2548
10484	2549
10489	2550
10491	2551
10493	2552
10494	2553
10496	2554
10507	2555
10514	2556
10515	2557
10516	2558
10518	2559
10522	2560
10523	2561
10528	2562
10536	2563
10540	2564
10542	2565
10553	2566
10555	2567
10557	2568
10561	2569
10563	2570
10564	2571
10574	2572
10575	2573
10578	2574
10583	2575
10603	2576
10606	2577
10617	2578
10622	2579
10631	2580
10632	2581
10637	2582
10641	2583
10643	2584
10644	2585
10645	2586
10646	2587
10647	2588
10648	2589
10649	2590
10650	2591
10652	2592
10653	2593
10654	2594
10655	2595
10657	2596
10659	2597
10660	2598
10661	2599
10662	2600
10665	2601
10666	2602
10667	2603
10672	2604
10675	2605
10685	2606
10688	2607
10693	2608
10694	2609
10695	2610
10701	2611
10708	2612
10709	2613
10714	2614
10723	2615
10725	2616
10726	2617
10728	2618
10729	2619
10730	2620
10731	2621
10737	2622
10739	2623
10740	2624
10741	2625
10744	2626
10755	2627
10760	2628
10762	2629
10777	2630
10789	2631
10790	2632
10797	2633
10806	2634
10810	2635
10812	2636
10813	2637
10817	2638
10818	2639
10836	2640
10841	2641
10845	2642
10846	2643
10849	2644
10850	2645
10856	2646
10858	2647
10862	2648
10863	2649
10866	2650
10877	2651
10881	2652
10885	2653
10886	2654
10904	2655
10911	2656
10912	2657
10918	2658
10925	2659
10927	2660
10928	2661
10932	2662
10935	2663
10937	2664
10940	2665
10941	2666
10944	2667
10946	2668
10947	2669
10948	2670
10961	2671
10965	2672
10970	2673
10975	2674
10977	2675
10989	2676
10990	2677
10993	2678
10996	2679
10998	2680
11000	2681
11001	2682
11003	2683
11005	2684
11006	2685
11009	2686
11010	2687
11013	2688
11014	2689
11017	2690
11020	2691
11026	2692
11027	2693
11040	2694
11043	2695
11047	2696
11050	2697
11051	2698
11052	2699
11053	2700
11054	2701
11064	2702
11065	2703
11066	2704
11071	2705
11072	2706
11074	2707
11077	2708
11082	2709
11088	2710
11090	2711
11094	2712
11095	2713
11109	2714
11110	2715
11113	2716
11117	2717
11118	2718
11119	2719
11120	2720
11122	2721
11123	2722
11124	2723
11125	2724
11126	2725
11127	2726
11129	2727
11131	2728
11132	2729
11135	2730
11139	2731
11143	2732
11151	2733
11159	2734
11161	2735
11162	2736
11169	2737
11178	2738
11179	2739
11182	2740
11184	2741
11187	2742
11188	2743
11190	2744
11192	2745
11195	2746
11198	2747
11207	2748
11209	2749
11213	2750
11215	2751
11219	2752
11221	2753
11223	2754
11227	2755
11229	2756
11230	2757
11231	2758
11233	2759
11239	2760
11246	2761
11247	2762
11249	2763
11253	2764
11258	2765
11259	2766
11262	2767
11264	2768
11268	2769
11281	2770
11290	2771
11295	2772
11297	2773
11298	2774
11302	2775
11309	2776
11310	2777
11313	2778
11318	2779
11324	2780
11326	2781
11334	2782
11350	2783
11354	2784
11357	2785
11359	2786
11362	2787
11363	2788
11376	2789
11384	2790
11394	2791
11397	2792
11403	2793
11409	2794
11410	2795
11412	2796
11415	2797
11419	2798
11424	2799
11426	2800
11431	2801
11434	2802
11437	2803
11443	2804
11452	2805
11454	2806
11457	2807
11458	2808
11470	2809
11475	2810
11477	2811
11479	2812
11480	2813
11501	2814
11503	2815
11504	2816
11508	2817
11511	2818
11520	2819
11523	2820
11525	2821
11531	2822
11536	2823
11538	2824
11539	2825
11565	2826
11567	2827
11569	2828
11570	2829
11571	2830
11573	2831
11575	2832
11579	2833
11585	2834
11586	2835
11590	2836
11593	2837
11597	2838
11600	2839
11605	2840
11611	2841
11617	2842
11621	2843
11623	2844
11630	2845
11631	2846
11632	2847
11642	2848
11645	2849
11648	2850
11650	2851
11653	2852
11661	2853
11662	2854
11666	2855
11668	2856
11671	2857
11675	2858
11676	2859
11680	2860
11688	2861
11691	2862
11698	2863
11705	2864
11706	2865
11710	2866
11713	2867
11716	2868
11718	2869
11719	2870
11727	2871
11731	2872
11735	2873
11737	2874
11739	2875
11742	2876
11743	2877
11745	2878
11751	2879
11754	2880
11755	2881
11759	2882
11764	2883
11780	2884
11790	2885
11791	2886
11793	2887
11801	2888
11806	2889
11814	2890
11818	2891
11819	2892
11820	2893
11824	2894
11826	2895
11828	2896
11829	2897
11831	2898
11835	2899
11840	2900
11842	2901
11844	2902
11846	2903
11847	2904
11851	2905
11855	2906
11856	2907
11859	2908
11861	2909
11863	2910
11869	2911
11880	2912
11882	2913
11883	2914
11884	2915
11893	2916
11897	2917
11900	2918
11905	2919
11907	2920
11908	2921
11910	2922
11913	2923
11918	2924
11919	2925
11921	2926
11925	2927
11926	2928
11931	2929
11941	2930
11943	2931
11945	2932
11947	2933
11948	2934
11953	2935
11954	2936
11956	2937
11960	2938
11961	2939
11966	2940
11973	2941
11975	2942
11980	2943
11982	2944
11991	2945
11992	2946
11994	2947
11995	2948
11997	2949
12000	2950
12008	2951
12010	2952
12015	2953
12016	2954
12029	2955
12032	2956
12036	2957
12038	2958
12039	2959
12041	2960
12044	2961
12046	2962
12050	2963
12053	2964
12057	2965
12060	2966
12063	2967
12068	2968
12077	2969
12078	2970
12080	2971
12082	2972
12083	2973
12085	2974
12089	2975
12092	2976
12093	2977
12096	2978
12100	2979
12103	2980
12104	2981
12105	2982
12109	2983
12113	2984
12114	2985
12119	2986
12121	2987
12122	2988
12128	2989
12129	2990
12130	2991
12132	2992
12133	2993
12152	2994
12153	2995
12155	2996
12162	2997
12166	2998
12172	2999
12174	3000
12175	3001
12176	3002
12177	3003
12179	3004
12181	3005
12185	3006
12187	3007
12194	3008
12195	3009
12196	3010
12198	3011
12199	3012
12203	3013
12206	3014
12211	3015
12214	3016
12224	3017
12227	3018
12232	3019
12237	3020
12240	3021
12243	3022
12245	3023
12247	3024
12253	3025
12255	3026
12261	3027
12262	3028
12265	3029
12267	3030
12271	3031
12272	3032
12273	3033
12274	3034
12276	3035
12278	3036
12282	3037
12283	3038
12284	3039
12290	3040
12295	3041
12298	3042
12299	3043
12300	3044
12309	3045
12311	3046
12316	3047
12322	3048
12325	3049
12328	3050
12333	3051
12342	3052
12344	3053
12345	3054
12350	3055
12353	3056
12354	3057
12355	3058
12360	3059
12362	3060
12364	3061
12365	3062
12369	3063
12372	3064
12375	3065
12377	3066
12379	3067
12381	3068
12382	3069
12384	3070
12386	3071
12392	3072
12394	3073
12398	3074
12399	3075
12414	3076
12415	3077
12416	3078
12419	3079
12423	3080
12425	3081
12426	3082
12429	3083
12431	3084
12435	3085
12440	3086
12445	3087
12450	3088
12452	3089
12454	3090
12457	3091
12463	3092
12470	3093
12472	3094
12474	3095
12476	3096
12478	3097
12480	3098
12482	3099
12493	3100
12494	3101
12501	3102
12503	3103
12506	3104
12520	3105
12527	3106
12529	3107
12543	3108
12549	3109
12550	3110
12551	3111
12555	3112
12557	3113
12562	3114
12565	3115
12567	3116
12574	3117
12579	3118
12583	3119
12588	3120
12591	3121
12593	3122
12600	3123
12607	3124
12615	3125
12619	3126
12621	3127
12625	3128
12632	3129
12634	3130
12645	3131
12646	3132
12649	3133
12656	3134
12659	3135
12668	3136
12672	3137
12685	3138
12690	3139
12693	3140
12697	3141
12698	3142
12703	3143
12706	3144
12711	3145
12713	3146
12714	3147
12715	3148
12718	3149
12725	3150
12733	3151
12737	3152
12739	3153
12746	3154
12749	3155
12750	3156
12759	3157
12764	3158
12769	3159
12775	3160
12779	3161
12780	3162
12785	3163
12789	3164
12790	3165
12793	3166
12794	3167
12797	3168
12800	3169
12807	3170
12808	3171
12809	3172
12811	3173
12812	3174
12820	3175
12821	3176
12823	3177
12835	3178
12844	3179
12848	3180
12856	3181
12868	3182
12887	3183
12890	3184
12893	3185
12897	3186
12900	3187
12904	3188
12909	3189
12910	3190
12912	3191
12918	3192
12922	3193
12928	3194
12930	3195
12932	3196
12933	3197
12934	3198
12935	3199
12936	3200
12955	3201
12960	3202
12970	3203
12972	3204
12978	3205
12979	3206
12982	3207
12983	3208
12988	3209
12989	3210
12995	3211
12999	3212
13007	3213
13010	3214
13012	3215
13014	3216
13015	3217
13016	3218
13019	3219
13021	3220
13023	3221
13024	3222
13029	3223
13033	3224
13035	3225
13040	3226
13042	3227
13044	3228
13047	3229
13056	3230
13059	3231
13062	3232
13066	3233
13067	3234
13070	3235
13072	3236
13075	3237
13076	3238
13077	3239
13078	3240
13114	3241
13120	3242
13122	3243
13124	3244
13128	3245
13131	3246
13132	3247
13134	3248
13136	3249
13138	3250
13139	3251
13140	3252
13143	3253
13149	3254
13153	3255
13154	3256
13166	3257
13170	3258
13186	3259
13188	3260
13190	3261
13193	3262
13197	3263
13200	3264
13201	3265
13204	3266
13209	3267
13212	3268
13216	3269
13227	3270
13230	3271
13232	3272
13234	3273
13243	3274
13249	3275
13253	3276
13257	3277
13259	3278
13264	3279
13265	3280
13269	3281
13273	3282
13276	3283
13283	3284
13288	3285
13289	3286
13291	3287
13297	3288
13303	3289
13310	3290
13311	3291
13312	3292
13314	3293
13316	3294
13317	3295
13323	3296
13326	3297
13328	3298
13331	3299
13333	3300
13339	3301
13343	3302
13345	3303
13347	3304
13355	3305
13358	3306
13360	3307
13369	3308
13393	3309
13396	3310
13397	3311
13398	3312
13400	3313
13401	3314
13405	3315
13410	3316
13411	3317
13413	3318
13415	3319
13420	3320
13421	3321
13428	3322
13429	3323
13430	3324
13436	3325
13439	3326
13441	3327
13444	3328
13445	3329
13446	3330
13453	3331
13466	3332
13467	3333
13469	3334
13470	3335
13472	3336
13478	3337
13480	3338
13484	3339
13490	3340
13492	3341
13494	3342
13496	3343
13498	3344
13501	3345
13502	3346
13504	3347
13506	3348
13507	3349
13516	3350
13522	3351
13530	3352
13531	3353
13539	3354
13541	3355
13543	3356
13544	3357
13546	3358
13547	3359
13548	3360
13549	3361
13550	3362
13565	3363
13567	3364
13568	3365
13572	3366
13573	3367
13574	3368
13576	3369
13582	3370
13584	3371
13586	3372
13587	3373
13589	3374
13592	3375
13593	3376
13594	3377
13596	3378
13605	3379
13612	3380
13617	3381
13620	3382
13632	3383
13633	3384
13634	3385
13635	3386
13637	3387
13638	3388
13640	3389
13645	3390
13647	3391
13650	3392
13652	3393
13653	3394
13654	3395
13656	3396
13659	3397
13662	3398
13664	3399
13668	3400
13670	3401
13676	3402
13678	3403
13680	3404
13681	3405
13686	3406
13691	3407
13695	3408
13697	3409
13698	3410
13699	3411
13700	3412
13702	3413
13715	3414
13721	3415
13735	3416
13739	3417
13743	3418
13744	3419
13748	3420
13758	3421
13760	3422
13763	3423
13764	3424
13773	3425
13775	3426
13780	3427
13781	3428
13785	3429
13791	3430
13794	3431
13796	3432
13798	3433
13804	3434
13808	3435
13809	3436
13818	3437
13825	3438
13847	3439
13859	3440
13860	3441
13861	3442
13866	3443
13870	3444
13873	3445
13876	3446
13893	3447
13895	3448
13900	3449
13902	3450
13904	3451
13909	3452
13913	3453
13918	3454
13937	3455
13938	3456
13941	3457
13942	3458
13943	3459
13945	3460
13946	3461
13947	3462
13959	3463
13965	3464
13969	3465
13973	3466
13976	3467
13978	3468
13979	3469
13984	3470
13985	3471
13990	3472
13992	3473
13995	3474
13999	3475
14001	3476
14002	3477
14005	3478
14007	3479
14010	3480
14012	3481
14013	3482
14015	3483
14021	3484
14028	3485
14029	3486
14035	3487
14037	3488
14038	3489
14039	3490
14046	3491
14051	3492
14061	3493
14063	3494
14068	3495
14070	3496
14080	3497
14082	3498
14086	3499
14088	3500
14089	3501
14091	3502
14092	3503
14096	3504
14100	3505
14102	3506
14104	3507
14107	3508
14109	3509
14111	3510
14113	3511
14114	3512
14117	3513
14120	3514
14128	3515
14152	3516
14168	3517
14169	3518
14173	3519
14174	3520
14179	3521
14185	3522
14190	3523
14191	3524
14195	3525
14205	3526
14209	3527
14214	3528
14217	3529
14221	3530
14225	3531
14233	3532
14235	3533
14238	3534
14240	3535
14242	3536
14243	3537
14246	3538
14247	3539
14257	3540
14268	3541
14279	3542
14283	3543
14287	3544
14289	3545
14290	3546
14295	3547
14310	3548
14311	3549
14317	3550
14325	3551
14326	3552
14344	3553
14348	3554
14350	3555
14352	3556
14361	3557
14366	3558
14371	3559
14372	3560
14373	3561
14375	3562
14377	3563
14378	3564
14381	3565
14383	3566
14389	3567
14394	3568
14399	3569
14400	3570
14401	3571
14414	3572
14425	3573
14426	3574
14429	3575
14435	3576
14437	3577
14439	3578
14440	3579
14445	3580
14453	3581
14456	3582
14459	3583
14461	3584
14462	3585
14463	3586
14464	3587
14468	3588
14475	3589
14477	3590
14483	3591
14486	3592
14488	3593
14490	3594
14494	3595
14495	3596
14506	3597
14509	3598
14515	3599
14520	3600
14521	3601
14528	3602
14532	3603
14538	3604
14548	3605
14550	3606
14560	3607
14568	3608
14571	3609
14573	3610
14574	3611
14575	3612
14582	3613
14587	3614
14589	3615
14607	3616
14634	3617
14647	3618
14651	3619
14652	3620
14654	3621
14667	3622
14674	3623
14679	3624
14680	3625
14689	3626
14692	3627
14696	3628
14698	3629
14703	3630
14707	3631
14709	3632
14711	3633
14715	3634
14717	3635
14720	3636
14721	3637
14722	3638
14726	3639
14728	3640
14733	3641
14736	3642
14740	3643
14744	3644
14746	3645
14759	3646
14760	3647
14762	3648
14782	3649
14789	3650
14795	3651
14799	3652
14806	3653
14808	3654
14811	3655
14824	3656
14834	3657
14837	3658
14839	3659
14844	3660
14857	3661
14859	3662
14861	3663
14863	3664
14869	3665
14871	3666
14873	3667
14883	3668
14885	3669
14887	3670
14891	3671
14892	3672
14896	3673
14897	3674
14901	3675
14908	3676
14914	3677
14916	3678
14922	3679
14927	3680
14935	3681
14942	3682
14944	3683
14957	3684
14974	3685
14983	3686
14985	3687
14986	3688
14988	3689
14992	3690
14998	3691
15012	3692
15015	3693
15019	3694
15026	3695
15027	3696
15031	3697
15041	3698
15043	3699
15045	3700
15046	3701
15048	3702
15050	3703
15057	3704
15058	3705
15063	3706
15067	3707
15068	3708
15073	3709
15097	3710
15101	3711
15102	3712
15111	3713
15112	3714
15116	3715
15121	3716
15140	3717
15141	3718
15144	3719
15146	3720
15148	3721
15152	3722
15158	3723
15159	3724
15171	3725
15175	3726
15179	3727
15183	3728
15184	3729
15186	3730
15188	3731
15189	3732
15202	3733
15204	3734
15211	3735
15214	3736
15215	3737
15216	3738
15222	3739
15233	3740
15240	3741
15246	3742
15249	3743
15264	3744
15267	3745
15273	3746
15276	3747
15281	3748
15294	3749
15295	3750
15297	3751
15300	3752
15302	3753
15310	3754
15315	3755
15317	3756
15320	3757
15322	3758
15324	3759
15330	3760
15333	3761
15340	3762
15341	3763
15345	3764
15347	3765
15348	3766
15349	3767
15357	3768
15370	3769
15371	3770
15373	3771
15375	3772
15378	3773
15379	3774
15381	3775
15384	3776
15387	3777
15389	3778
15391	3779
15395	3780
15398	3781
15399	3782
15407	3783
15413	3784
15414	3785
15415	3786
15426	3787
15434	3788
15439	3789
15441	3790
15443	3791
15450	3792
15456	3793
15472	3794
15476	3795
15480	3796
15484	3797
15485	3798
15486	3799
15488	3800
15492	3801
15500	3802
15503	3803
15508	3804
15511	3805
15518	3806
15525	3807
15527	3808
15541	3809
15546	3810
15550	3811
15554	3812
15555	3813
15556	3814
15560	3815
15562	3816
15567	3817
15569	3818
15581	3819
15583	3820
15585	3821
15586	3822
15588	3823
15589	3824
15591	3825
15593	3826
15597	3827
15598	3828
15599	3829
15603	3830
15604	3831
15606	3832
15608	3833
15610	3834
15611	3835
15612	3836
15613	3837
15618	3838
15619	3839
15621	3840
15623	3841
15624	3842
15627	3843
15631	3844
15638	3845
15639	3846
15642	3847
15644	3848
15656	3849
15659	3850
15661	3851
15664	3852
15665	3853
15666	3854
15668	3855
15671	3856
15672	3857
15673	3858
15675	3859
15679	3860
15684	3861
15687	3862
15690	3863
15691	3864
15699	3865
15700	3866
15702	3867
15705	3868
15706	3869
15710	3870
15712	3871
15713	3872
15715	3873
15718	3874
15719	3875
15721	3876
15723	3877
15727	3878
15731	3879
15734	3880
15735	3881
15743	3882
15744	3883
15755	3884
15757	3885
15764	3886
15770	3887
15771	3888
15773	3889
15774	3890
15775	3891
15776	3892
15777	3893
15784	3894
15786	3895
15793	3896
15796	3897
15799	3898
15801	3899
15802	3900
15803	3901
15806	3902
15811	3903
15814	3904
15816	3905
15817	3906
15819	3907
15821	3908
15822	3909
15824	3910
15825	3911
15829	3912
15834	3913
15837	3914
15840	3915
15842	3916
15848	3917
15850	3918
15853	3919
15858	3920
15861	3921
15868	3922
15870	3923
15875	3924
15880	3925
15881	3926
15882	3927
15884	3928
15885	3929
15887	3930
15888	3931
15900	3932
15901	3933
15906	3934
15909	3935
15914	3936
15919	3937
15921	3938
15923	3939
15930	3940
15938	3941
15941	3942
15947	3943
15949	3944
15950	3945
15952	3946
15953	3947
15959	3948
15963	3949
15964	3950
15966	3951
15969	3952
15972	3953
15979	3954
15981	3955
15988	3956
15991	3957
15999	3958
16001	3959
16007	3960
16008	3961
16013	3962
16015	3963
16016	3964
16024	3965
16025	3966
16026	3967
16027	3968
16032	3969
16039	3970
16040	3971
16052	3972
16055	3973
16061	3974
16077	3975
16081	3976
16086	3977
16088	3978
16090	3979
16094	3980
16096	3981
16099	3982
16101	3983
16102	3984
16106	3985
16113	3986
16117	3987
16119	3988
16122	3989
16123	3990
16124	3991
16125	3992
16126	3993
16128	3994
16129	3995
16130	3996
16131	3997
16132	3998
16133	3999
16134	4000
16135	4001
16136	4002
16137	4003
16138	4004
16140	4005
16141	4006
16142	4007
16146	4008
16149	4009
16150	4010
16152	4011
16153	4012
16159	4013
16164	4014
16165	4015
16166	4016
16168	4017
16169	4018
16176	4019
16184	4020
16187	4021
16192	4022
16193	4023
16194	4024
16198	4025
16206	4026
16208	4027
16212	4028
16219	4029
16224	4030
16225	4031
16227	4032
16231	4033
16238	4034
16242	4035
16244	4036
16257	4037
16263	4038
16268	4039
16272	4040
16277	4041
16284	4042
16286	4043
16287	4044
16288	4045
16289	4046
16290	4047
16291	4048
16294	4049
16303	4050
16304	4051
16311	4052
16315	4053
16316	4054
16320	4055
16323	4056
16331	4057
16333	4058
16336	4059
16342	4060
16345	4061
16349	4062
16353	4063
16354	4064
16356	4065
16364	4066
16369	4067
16374	4068
16375	4069
16377	4070
16378	4071
16383	4072
16385	4073
16396	4074
16399	4075
16401	4076
16407	4077
16413	4078
16417	4079
16421	4080
16424	4081
16425	4082
16435	4083
16439	4084
16440	4085
16443	4086
16448	4087
16450	4088
16452	4089
16454	4090
16460	4091
16465	4092
16469	4093
16471	4094
16496	4095
16501	4096
16504	4097
16506	4098
16508	4099
16516	4100
16519	4101
16529	4102
16534	4103
16536	4104
16541	4105
16543	4106
16544	4107
16551	4108
16554	4109
16557	4110
16564	4111
16568	4112
16569	4113
16574	4114
16575	4115
16577	4116
16580	4117
16583	4118
16585	4119
16591	4120
16593	4121
16594	4122
16596	4123
16604	4124
16606	4125
16621	4126
16622	4127
16626	4128
16632	4129
16634	4130
16640	4131
16641	4132
16642	4133
16644	4134
16650	4135
16652	4136
16661	4137
16662	4138
16665	4139
16666	4140
16669	4141
16677	4142
16683	4143
16685	4144
16694	4145
16698	4146
16701	4147
16702	4148
16704	4149
16705	4150
16707	4151
16710	4152
16711	4153
16723	4154
16724	4155
16726	4156
16729	4157
16731	4158
16733	4159
16735	4160
16736	4161
16739	4162
16741	4163
16742	4164
16744	4165
16746	4166
16747	4167
16750	4168
16759	4169
16766	4170
16775	4171
16779	4172
16780	4173
16782	4174
16786	4175
16790	4176
16791	4177
16793	4178
16795	4179
16797	4180
16800	4181
16817	4182
16818	4183
16834	4184
16836	4185
16837	4186
16838	4187
16842	4188
16861	4189
16864	4190
16866	4191
16867	4192
16870	4193
16873	4194
16876	4195
16878	4196
16883	4197
16887	4198
16888	4199
16891	4200
16906	4201
16916	4202
16918	4203
16924	4204
16932	4205
16933	4206
16935	4207
16936	4208
16937	4209
16940	4210
16953	4211
16955	4212
16957	4213
16962	4214
16964	4215
16967	4216
16972	4217
16977	4218
16979	4219
16981	4220
16987	4221
16998	4222
17007	4223
17008	4224
17010	4225
17016	4226
17017	4227
17023	4228
17026	4229
17028	4230
17032	4231
17039	4232
17044	4233
17046	4234
17054	4235
17059	4236
17060	4237
17061	4238
17072	4239
17073	4240
17077	4241
17078	4242
17081	4243
17086	4244
17089	4245
17092	4246
17098	4247
17101	4248
17104	4249
17107	4250
17111	4251
17113	4252
17114	4253
17115	4254
17116	4255
17117	4256
17119	4257
17122	4258
17128	4259
17132	4260
17138	4261
17139	4262
17140	4263
17141	4264
17143	4265
17155	4266
17157	4267
17160	4268
17161	4269
17174	4270
17178	4271
17185	4272
17194	4273
17201	4274
17202	4275
17212	4276
17225	4277
17231	4278
17233	4279
17238	4280
17240	4281
17242	4282
17243	4283
17248	4284
17252	4285
17253	4286
17254	4287
17259	4288
17266	4289
17270	4290
17276	4291
17281	4292
17282	4293
17284	4294
17286	4295
17287	4296
17289	4297
17291	4298
17295	4299
17299	4300
17311	4301
17312	4302
17314	4303
17317	4304
17319	4305
17321	4306
17322	4307
17325	4308
17328	4309
17332	4310
17334	4311
17343	4312
17344	4313
17346	4314
17347	4315
17354	4316
17358	4317
17365	4318
17368	4319
17370	4320
17372	4321
17374	4322
17378	4323
17380	4324
17381	4325
17385	4326
17386	4327
17387	4328
17392	4329
17394	4330
17395	4331
17400	4332
17402	4333
17407	4334
17413	4335
17427	4336
17439	4337
17442	4338
17453	4339
17454	4340
17460	4341
17462	4342
17463	4343
17466	4344
17470	4345
17476	4346
17478	4347
17479	4348
17498	4349
17500	4350
17501	4351
17504	4352
17507	4353
17511	4354
17514	4355
17515	4356
17516	4357
17524	4358
17526	4359
17531	4360
17534	4361
17537	4362
17540	4363
17547	4364
17556	4365
17559	4366
17560	4367
17563	4368
17564	4369
17567	4370
17578	4371
17579	4372
17580	4373
17582	4374
17583	4375
17584	4376
17586	4377
17587	4378
17589	4379
17591	4380
17592	4381
17593	4382
17597	4383
17600	4384
17604	4385
17607	4386
17610	4387
17615	4388
17621	4389
17622	4390
17628	4391
17631	4392
17632	4393
17636	4394
17637	4395
17639	4396
17646	4397
17650	4398
17655	4399
17658	4400
17660	4401
17670	4402
17672	4403
17678	4404
17680	4405
17682	4406
17683	4407
17690	4408
17691	4409
17692	4410
17694	4411
17695	4412
17696	4413
17705	4414
17708	4415
17711	4416
17713	4417
17726	4418
17727	4419
17733	4420
17734	4421
17735	4422
17736	4423
17738	4424
17740	4425
17746	4426
17750	4427
17755	4428
17756	4429
17769	4430
17771	4431
17772	4432
17775	4433
17777	4434
17780	4435
17786	4436
17788	4437
17791	4438
17796	4439
17797	4440
17798	4441
17799	4442
17802	4443
17806	4444
17809	4445
17811	4446
17816	4447
17818	4448
17820	4449
17824	4450
17827	4451
17833	4452
17836	4453
17841	4454
17851	4455
17852	4456
17856	4457
17864	4458
17870	4459
17872	4460
17873	4461
17878	4462
17884	4463
17886	4464
17889	4465
17898	4466
17900	4467
17902	4468
17911	4469
17917	4470
17920	4471
17921	4472
17929	4473
17938	4474
17940	4475
17941	4476
17942	4477
17948	4478
17955	4479
17958	4480
17960	4481
17964	4482
17965	4483
17967	4484
17979	4485
17980	4486
17984	4487
17990	4488
17991	4489
17994	4490
18014	4491
18016	4492
18021	4493
18026	4494
18038	4495
18041	4496
18042	4497
18043	4498
18049	4499
18051	4500
18052	4501
18054	4502
18058	4503
18066	4504
18082	4505
18084	4506
18088	4507
18090	4508
18104	4509
18105	4510
18117	4511
18121	4512
18124	4513
18125	4514
18126	4515
18130	4516
18131	4517
18138	4518
18139	4519
18141	4520
18144	4521
18148	4522
18149	4523
18153	4524
18158	4525
18163	4526
18164	4527
18165	4528
18167	4529
18169	4530
18173	4531
18174	4532
18176	4533
18177	4534
18178	4535
18182	4536
18183	4537
18194	4538
18197	4539
18199	4540
18200	4541
18203	4542
18205	4543
18207	4544
18208	4545
18209	4546
18210	4547
18214	4548
18220	4549
18222	4550
18223	4551
18226	4552
18229	4553
18230	4554
18233	4555
18235	4556
18239	4557
18240	4558
18246	4559
18250	4560
18253	4561
18254	4562
18267	4563
18273	4564
18278	4565
18280	4566
18281	4567
18282	4568
18284	4569
18291	4570
18292	4571
18293	4572
18297	4573
18300	4574
18302	4575
18304	4576
18315	4577
18323	4578
18324	4579
18331	4580
18332	4581
18335	4582
18337	4583
18340	4584
18343	4585
18344	4586
18350	4587
18356	4588
18357	4589
18360	4590
18365	4591
18367	4592
18377	4593
18378	4594
18382	4595
18383	4596
18386	4597
18389	4598
18393	4599
18394	4600
18401	4601
18402	4602
18408	4603
18409	4604
18415	4605
18417	4606
18419	4607
18420	4608
18421	4609
18422	4610
18431	4611
18432	4612
18440	4613
18443	4614
18445	4615
18446	4616
18452	4617
18465	4618
18469	4619
18473	4620
18475	4621
18478	4622
18479	4623
18480	4624
18484	4625
18492	4626
18494	4627
18499	4628
18502	4629
18505	4630
18507	4631
18509	4632
18515	4633
18523	4634
18524	4635
18529	4636
18532	4637
18536	4638
18538	4639
18544	4640
18545	4641
18547	4642
18551	4643
18563	4644
18574	4645
18575	4646
18580	4647
18586	4648
18588	4649
18596	4650
18598	4651
18600	4652
18601	4653
18604	4654
18606	4655
18607	4656
18608	4657
18611	4658
18613	4659
18615	4660
18619	4661
18623	4662
18624	4663
18637	4664
18651	4665
18652	4666
18653	4667
18657	4668
18659	4669
18667	4670
18669	4671
18671	4672
18673	4673
18681	4674
18693	4675
18694	4676
18695	4677
18696	4678
18697	4679
18698	4680
18699	4681
18700	4682
18701	4683
18706	4684
18707	4685
18713	4686
18714	4687
18715	4688
18720	4689
18722	4690
18741	4691
18742	4692
18744	4693
18745	4694
18747	4695
18749	4696
18756	4697
18772	4698
18781	4699
18785	4700
18787	4701
18792	4702
18804	4703
18805	4704
18808	4705
18810	4706
18812	4707
18814	4708
18822	4709
18823	4710
18826	4711
18834	4712
18835	4713
18836	4714
18837	4715
18840	4716
18846	4717
18848	4718
18853	4719
18860	4720
18863	4721
18866	4722
18868	4723
18870	4724
18872	4725
18874	4726
18875	4727
18884	4728
18890	4729
18892	4730
18896	4731
18897	4732
18903	4733
18907	4734
18911	4735
18915	4736
18916	4737
18918	4738
18924	4739
18929	4740
18931	4741
18938	4742
18943	4743
18945	4744
18947	4745
18953	4746
18955	4747
18956	4748
18957	4749
18958	4750
18959	4751
18960	4752
18961	4753
18962	4754
18963	4755
18964	4756
18965	4757
18966	4758
18967	4759
18968	4760
18969	4761
18970	4762
18971	4763
18973	4764
18974	4765
18975	4766
18976	4767
18977	4768
18978	4769
18979	4770
18980	4771
18981	4772
18982	4773
18984	4774
18985	4775
18986	4776
18987	4777
18988	4778
18989	4779
18990	4780
18991	4781
18992	4782
18993	4783
18995	4784
18996	4785
18998	4786
18999	4787
19001	4788
19002	4789
19003	4790
19004	4791
19005	4792
19006	4793
19007	4794
19008	4795
19009	4796
19011	4797
19012	4798
19014	4799
19015	4800
19017	4801
19018	4802
19019	4803
19020	4804
19021	4805
19023	4806
19024	4807
19025	4808
19026	4809
19027	4810
19028	4811
19029	4812
19030	4813
19032	4814
19033	4815
19035	4816
19036	4817
19037	4818
19038	4819
19040	4820
19041	4821
19042	4822
19043	4823
19045	4824
19046	4825
19047	4826
19049	4827
19051	4828
19053	4829
19055	4830
19057	4831
19058	4832
19059	4833
19060	4834
19061	4835
19062	4836
19063	4837
19064	4838
19065	4839
19066	4840
19067	4841
19069	4842
19070	4843
19071	4844
19072	4845
19075	4846
19082	4847
19088	4848
19091	4849
19096	4850
19098	4851
19099	4852
19100	4853
19101	4854
19111	4855
19113	4856
19115	4857
19119	4858
19121	4859
19125	4860
19127	4861
19128	4862
19129	4863
19130	4864
19132	4865
19133	4866
19134	4867
19150	4868
19151	4869
19157	4870
19161	4871
19163	4872
19164	4873
19165	4874
19167	4875
19177	4876
19183	4877
19190	4878
19194	4879
19202	4880
19205	4881
19207	4882
19213	4883
19214	4884
19215	4885
19221	4886
19224	4887
19236	4888
19238	4889
19243	4890
19244	4891
19245	4892
19246	4893
19254	4894
19257	4895
19259	4896
19261	4897
19263	4898
19264	4899
19267	4900
19270	4901
19272	4902
19285	4903
19286	4904
19294	4905
19301	4906
19307	4907
19308	4908
19309	4909
19316	4910
19317	4911
19319	4912
19320	4913
19322	4914
19323	4915
19327	4916
19335	4917
19339	4918
19344	4919
19347	4920
19355	4921
19356	4922
19359	4923
19361	4924
19366	4925
19374	4926
19377	4927
19383	4928
19387	4929
19390	4930
19397	4931
19405	4932
19408	4933
19409	4934
19411	4935
19415	4936
19419	4937
19421	4938
19423	4939
19431	4940
19434	4941
19438	4942
19443	4943
19454	4944
19455	4945
19460	4946
19461	4947
19469	4948
19475	4949
19479	4950
19486	4951
19494	4952
19498	4953
19504	4954
19509	4955
19513	4956
19516	4957
19518	4958
19522	4959
19524	4960
19536	4961
19537	4962
19543	4963
19552	4964
19555	4965
19557	4966
19559	4967
19560	4968
19564	4969
19571	4970
19573	4971
19574	4972
19579	4973
19581	4974
19583	4975
19586	4976
19596	4977
19597	4978
19599	4979
19600	4980
19603	4981
19605	4982
19609	4983
19610	4984
19613	4985
19614	4986
19615	4987
19617	4988
19621	4989
19622	4990
19625	4991
19634	4992
19636	4993
19637	4994
19644	4995
19647	4996
19652	4997
19654	4998
19660	4999
19663	5000
19667	5001
19668	5002
19670	5003
19671	5004
19680	5005
19685	5006
19690	5007
19693	5008
19695	5009
19697	5010
19701	5011
19706	5012
19713	5013
19714	5014
19719	5015
19721	5016
19726	5017
19738	5018
19740	5019
19750	5020
19759	5021
19760	5022
19761	5023
19764	5024
19776	5025
19780	5026
19781	5027
19783	5028
19784	5029
19791	5030
19793	5031
19798	5032
19801	5033
19802	5034
19804	5035
19814	5036
19816	5037
19823	5038
19824	5039
19829	5040
19831	5041
19832	5042
19833	5043
19836	5044
19838	5045
19841	5046
19843	5047
19847	5048
19848	5049
19855	5050
19856	5051
19858	5052
19868	5053
19877	5054
19884	5055
19885	5056
19889	5057
19891	5058
19896	5059
19898	5060
19904	5061
19907	5062
19908	5063
19914	5064
19915	5065
19923	5066
19924	5067
19925	5068
19928	5069
19930	5070
19932	5071
19940	5072
19944	5073
19947	5074
19951	5075
19961	5076
19968	5077
19976	5078
19980	5079
19981	5080
19982	5081
19984	5082
19985	5083
19992	5084
19998	5085
20000	5086
20007	5087
20008	5088
20009	5089
20014	5090
20020	5091
20022	5092
20028	5093
20031	5094
20033	5095
20039	5096
20043	5097
20046	5098
20053	5099
20058	5100
20069	5101
20075	5102
20076	5103
20078	5104
20080	5105
20089	5106
20090	5107
20092	5108
20104	5109
20105	5110
20107	5111
20109	5112
20119	5113
20124	5114
20129	5115
20132	5116
20134	5117
20135	5118
20139	5119
20140	5120
20141	5121
20148	5122
20151	5123
20161	5124
20162	5125
20164	5126
20165	5127
20173	5128
20179	5129
20185	5130
20194	5131
20199	5132
20203	5133
20207	5134
20210	5135
20211	5136
20213	5137
20218	5138
20221	5139
20225	5140
20227	5141
20229	5142
20234	5143
20236	5144
20240	5145
20247	5146
20251	5147
20252	5148
20256	5149
20262	5150
20264	5151
20273	5152
20275	5153
20279	5154
20280	5155
20281	5156
20282	5157
20284	5158
20288	5159
20292	5160
20303	5161
20305	5162
20307	5163
20309	5164
20311	5165
20314	5166
20319	5167
20323	5168
20332	5169
20335	5170
20336	5171
20341	5172
20350	5173
20356	5174
20357	5175
20359	5176
20363	5177
20368	5178
20371	5179
20372	5180
20376	5181
20389	5182
20392	5183
20397	5184
20399	5185
20402	5186
20408	5187
20413	5188
20415	5189
20418	5190
20425	5191
20429	5192
20432	5193
20438	5194
20447	5195
20449	5196
20450	5197
20451	5198
20453	5199
20456	5200
20462	5201
20470	5202
20473	5203
20474	5204
20481	5205
20482	5206
20483	5207
20484	5208
20485	5209
20493	5210
20495	5211
20502	5212
20515	5213
20518	5214
20520	5215
20529	5216
20532	5217
20534	5218
20535	5219
20536	5220
20538	5221
20539	5222
20540	5223
20541	5224
20542	5225
20543	5226
20544	5227
20545	5228
20546	5229
20547	5230
20548	5231
20549	5232
20550	5233
20552	5234
20553	5235
20554	5236
20556	5237
20558	5238
20559	5239
20560	5240
20562	5241
20563	5242
20564	5243
20566	5244
20567	5245
20568	5246
20569	5247
20570	5248
20574	5249
20577	5250
20581	5251
20585	5252
20587	5253
20595	5254
20596	5255
20602	5256
20604	5257
20608	5258
20611	5259
20612	5260
20613	5261
20617	5262
20618	5263
20619	5264
20621	5265
20623	5266
20624	5267
20626	5268
20630	5269
20631	5270
20632	5271
20657	5272
20661	5273
20662	5274
20665	5275
20666	5276
20669	5277
20670	5278
20671	5279
20672	5280
20684	5281
20690	5282
20694	5283
20701	5284
20702	5285
20704	5286
20705	5287
20706	5288
20717	5289
20720	5290
20723	5291
20730	5292
20736	5293
20741	5294
20746	5295
20748	5296
20750	5297
20751	5298
20753	5299
20760	5300
20765	5301
20766	5302
20767	5303
20768	5304
20775	5305
20779	5306
20780	5307
20783	5308
20787	5309
20788	5310
20789	5311
20811	5312
20817	5313
20821	5314
20823	5315
20836	5316
20848	5317
20849	5318
20853	5319
20863	5320
20864	5321
20865	5322
20873	5323
20878	5324
20888	5325
20890	5326
20891	5327
20893	5328
20894	5329
20898	5330
20899	5331
20901	5332
20904	5333
20906	5334
20914	5335
20918	5336
20921	5337
20927	5338
20934	5339
20935	5340
20937	5341
20938	5342
20942	5343
20947	5344
20950	5345
20953	5346
20958	5347
20963	5348
20972	5349
20973	5350
20974	5351
20977	5352
20979	5353
20982	5354
20983	5355
20986	5356
20987	5357
20989	5358
21005	5359
21006	5360
21009	5361
21010	5362
21012	5363
21013	5364
21019	5365
21020	5366
21022	5367
21024	5368
21026	5369
21035	5370
21038	5371
21041	5372
21048	5373
21051	5374
21052	5375
21055	5376
21058	5377
21062	5378
21063	5379
21065	5380
21066	5381
21069	5382
21072	5383
21074	5384
21099	5385
21100	5386
21101	5387
21104	5388
21105	5389
21109	5390
21112	5391
21116	5392
21129	5393
21131	5394
21140	5395
21144	5396
21146	5397
21150	5398
21152	5399
21153	5400
21158	5401
21160	5402
21164	5403
21168	5404
21170	5405
21178	5406
21192	5407
21194	5408
21199	5409
21201	5410
21202	5411
21203	5412
21204	5413
21206	5414
21224	5415
21231	5416
21234	5417
21236	5418
21237	5419
21250	5420
21251	5421
21252	5422
21253	5423
21257	5424
21263	5425
21265	5426
21278	5427
21279	5428
21284	5429
21288	5430
21294	5431
21295	5432
21298	5433
21301	5434
21308	5435
21310	5436
21311	5437
21313	5438
21316	5439
21320	5440
21322	5441
21324	5442
21330	5443
21331	5444
21333	5445
21338	5446
21345	5447
21349	5448
21358	5449
21363	5450
21376	5451
21381	5452
21385	5453
21396	5454
21397	5455
21399	5456
21402	5457
21408	5458
21416	5459
21419	5460
21420	5461
21423	5462
21425	5463
21433	5464
21435	5465
21438	5466
21445	5467
21453	5468
21454	5469
21456	5470
21459	5471
21460	5472
21474	5473
21476	5474
21480	5475
21482	5476
21484	5477
21486	5478
21488	5479
21492	5480
21495	5481
21498	5482
21511	5483
21516	5484
21528	5485
21530	5486
21532	5487
21533	5488
21534	5489
21536	5490
21540	5491
21542	5492
21545	5493
21547	5494
21552	5495
21554	5496
21555	5497
21565	5498
21566	5499
21569	5500
21571	5501
21575	5502
21577	5503
21580	5504
21583	5505
21584	5506
21588	5507
21591	5508
21592	5509
21594	5510
21595	5511
21596	5512
21609	5513
21614	5514
21628	5515
21630	5516
21635	5517
21642	5518
21645	5519
21646	5520
21647	5521
21651	5522
21652	5523
21656	5524
21659	5525
21660	5526
21661	5527
21665	5528
21667	5529
21669	5530
21671	5531
21674	5532
21675	5533
21679	5534
21683	5535
21686	5536
21691	5537
21693	5538
21694	5539
21698	5540
21699	5541
21703	5542
21709	5543
21715	5544
21718	5545
21721	5546
21722	5547
21725	5548
21730	5549
21742	5550
21743	5551
21744	5552
21751	5553
21758	5554
21760	5555
21765	5556
21779	5557
21790	5558
21793	5559
21796	5560
21800	5561
21807	5562
21812	5563
21822	5564
21824	5565
21830	5566
21844	5567
21850	5568
21851	5569
21860	5570
21861	5571
21870	5572
21871	5573
21873	5574
21878	5575
21882	5576
21886	5577
21889	5578
21893	5579
21898	5580
21903	5581
21906	5582
21907	5583
21913	5584
21917	5585
21920	5586
21924	5587
21927	5588
21931	5589
21933	5590
21937	5591
21940	5592
21943	5593
21945	5594
21946	5595
21948	5596
21953	5597
21957	5598
21961	5599
21963	5600
21964	5601
21968	5602
21973	5603
21980	5604
21986	5605
21988	5606
21990	5607
21992	5608
21993	5609
21998	5610
22001	5611
22003	5612
22015	5613
22017	5614
22023	5615
22025	5616
22028	5617
22029	5618
22031	5619
22035	5620
22037	5621
22038	5622
22039	5623
22045	5624
22052	5625
22054	5626
22061	5627
22064	5628
22066	5629
22080	5630
22086	5631
22088	5632
22089	5633
22093	5634
22095	5635
22096	5636
22101	5637
22102	5638
22103	5639
22105	5640
22111	5641
22115	5642
22119	5643
22120	5644
22129	5645
22138	5646
22142	5647
22144	5648
22152	5649
22156	5650
22158	5651
22159	5652
22161	5653
22164	5654
22168	5655
22172	5656
22180	5657
22181	5658
22183	5659
22187	5660
22191	5661
22193	5662
22196	5663
22197	5664
22198	5665
22199	5666
22203	5667
22204	5668
22207	5669
22214	5670
22219	5671
22222	5672
22225	5673
22226	5674
22232	5675
22233	5676
22235	5677
22236	5678
22238	5679
22239	5680
22240	5681
22241	5682
22243	5683
22248	5684
22249	5685
22250	5686
22252	5687
22258	5688
22259	5689
22264	5690
22275	5691
22278	5692
22285	5693
22288	5694
22291	5695
22295	5696
22296	5697
22298	5698
22300	5699
22301	5700
22305	5701
22306	5702
22308	5703
22315	5704
22321	5705
22322	5706
22323	5707
22325	5708
22326	5709
22327	5710
22330	5711
22334	5712
22341	5713
22347	5714
22351	5715
22353	5716
22356	5717
22361	5718
22364	5719
22366	5720
22367	5721
22377	5722
22381	5723
22383	5724
22387	5725
22391	5726
22393	5727
22399	5728
22400	5729
22403	5730
22405	5731
22410	5732
22412	5733
22413	5734
22415	5735
22419	5736
22420	5737
22421	5738
22422	5739
22423	5740
22429	5741
22430	5742
22435	5743
22437	5744
22440	5745
22444	5746
22446	5747
22447	5748
22462	5749
22465	5750
22466	5751
22473	5752
22476	5753
22481	5754
22488	5755
22492	5756
22507	5757
22510	5758
22518	5759
22519	5760
22522	5761
22525	5762
22526	5763
22528	5764
22529	5765
22530	5766
22531	5767
22532	5768
22533	5769
22534	5770
22535	5771
22537	5772
22539	5773
22540	5774
22541	5775
22542	5776
22543	5777
22544	5778
22545	5779
22546	5780
22547	5781
22549	5782
22550	5783
22553	5784
22557	5785
22559	5786
22561	5787
22564	5788
22565	5789
22567	5790
22573	5791
22574	5792
22581	5793
22589	5794
22590	5795
22591	5796
22592	5797
22593	5798
22594	5799
22596	5800
22598	5801
22600	5802
22602	5803
22607	5804
22613	5805
22615	5806
22621	5807
22623	5808
22624	5809
22631	5810
22638	5811
22639	5812
22640	5813
22641	5814
22665	5815
22679	5816
22681	5817
22686	5818
22688	5819
22690	5820
22691	5821
22701	5822
22703	5823
22709	5824
22711	5825
22713	5826
22716	5827
22721	5828
22724	5829
22726	5830
22731	5831
22738	5832
22740	5833
22748	5834
22760	5835
22761	5836
22767	5837
22785	5838
22790	5839
22796	5840
22803	5841
22809	5842
22810	5843
22811	5844
22823	5845
22825	5846
22826	5847
22841	5848
22842	5849
22845	5850
22847	5851
22850	5852
22851	5853
22852	5854
22858	5855
22861	5856
22864	5857
22866	5858
22877	5859
22883	5860
22885	5861
22892	5862
22893	5863
22896	5864
22903	5865
22905	5866
22906	5867
22913	5868
22915	5869
22920	5870
22921	5871
22931	5872
22933	5873
22936	5874
22952	5875
22953	5876
22960	5877
22963	5878
22964	5879
22965	5880
22968	5881
22969	5882
22971	5883
22981	5884
22988	5885
22991	5886
22992	5887
23001	5888
23009	5889
23011	5890
23012	5891
23025	5892
23029	5893
23031	5894
23033	5895
23036	5896
23040	5897
23043	5898
23050	5899
23051	5900
23052	5901
23056	5902
23057	5903
23064	5904
23070	5905
23075	5906
23093	5907
23094	5908
23096	5909
23097	5910
23099	5911
23100	5912
23104	5913
23110	5914
23112	5915
23113	5916
23114	5917
23121	5918
23124	5919
23125	5920
23126	5921
23128	5922
23132	5923
23139	5924
23145	5925
23147	5926
23148	5927
23152	5928
23154	5929
23160	5930
23165	5931
23169	5932
23175	5933
23176	5934
23177	5935
23179	5936
23199	5937
23200	5938
23213	5939
23214	5940
23217	5941
23219	5942
23222	5943
23224	5944
23229	5945
23231	5946
23235	5947
23242	5948
23244	5949
23251	5950
23255	5951
23259	5952
23271	5953
23276	5954
23281	5955
23289	5956
23295	5957
23298	5958
23299	5959
23301	5960
23304	5961
23306	5962
23310	5963
23311	5964
23314	5965
23322	5966
23325	5967
23326	5968
23328	5969
23330	5970
23337	5971
23341	5972
23344	5973
23347	5974
23348	5975
23352	5976
23355	5977
23356	5978
23357	5979
23366	5980
23373	5981
23375	5982
23378	5983
23380	5984
23381	5985
23391	5986
23393	5987
23403	5988
23408	5989
23413	5990
23417	5991
23421	5992
23423	5993
23428	5994
23429	5995
23441	5996
23444	5997
23457	5998
23461	5999
23466	6000
23467	6001
23468	6002
23478	6003
23481	6004
23489	6005
23492	6006
23496	6007
23497	6008
23502	6009
23508	6010
23509	6011
23510	6012
23511	6013
23516	6014
23521	6015
23522	6016
23523	6017
23528	6018
23534	6019
23541	6020
23542	6021
23551	6022
23574	6023
23575	6024
23580	6025
23581	6026
23583	6027
23587	6028
23588	6029
23592	6030
23597	6031
23603	6032
23604	6033
23606	6034
23608	6035
23610	6036
23612	6037
23619	6038
23627	6039
23633	6040
23636	6041
23640	6042
23641	6043
23643	6044
23647	6045
23651	6046
23653	6047
23658	6048
23662	6049
23668	6050
23669	6051
23676	6052
23677	6053
23684	6054
23686	6055
23687	6056
23694	6057
23699	6058
23700	6059
23704	6060
23706	6061
23711	6062
23713	6063
23715	6064
23716	6065
23721	6066
23727	6067
23729	6068
23730	6069
23732	6070
23734	6071
23742	6072
23744	6073
23746	6074
23747	6075
23752	6076
23756	6077
23765	6078
23768	6079
23781	6080
23782	6081
23784	6082
23786	6083
23789	6084
23792	6085
23797	6086
23804	6087
23805	6088
23806	6089
23808	6090
23810	6091
23817	6092
23819	6093
23828	6094
23831	6095
23832	6096
23834	6097
23838	6098
23843	6099
23847	6100
23852	6101
23854	6102
23855	6103
23858	6104
23864	6105
23871	6106
23875	6107
23876	6108
23880	6109
23886	6110
23887	6111
23888	6112
23889	6113
23891	6114
23892	6115
23895	6116
23901	6117
23903	6118
23911	6119
23914	6120
23918	6121
23924	6122
23927	6123
23936	6124
23950	6125
23953	6126
23954	6127
23957	6128
23959	6129
23960	6130
23962	6131
23963	6132
23965	6133
23970	6134
23973	6135
23976	6136
23982	6137
23983	6138
23989	6139
23995	6140
23998	6141
24000	6142
24002	6143
24011	6144
24015	6145
24017	6146
24023	6147
24026	6148
24042	6149
24050	6150
24052	6151
24054	6152
24055	6153
24056	6154
24058	6155
24059	6156
24060	6157
24061	6158
24062	6159
24064	6160
24066	6161
24067	6162
24068	6163
24070	6164
24071	6165
24083	6166
24084	6167
24085	6168
24090	6169
24097	6170
24099	6171
24103	6172
24112	6173
24114	6174
24116	6175
24119	6176
24121	6177
24127	6178
24131	6179
24135	6180
24137	6181
24138	6182
24144	6183
24145	6184
24147	6185
24148	6186
24150	6187
24152	6188
24162	6189
24164	6190
24170	6191
24171	6192
24172	6193
24174	6194
24176	6195
24180	6196
24181	6197
24182	6198
24186	6199
24189	6200
24190	6201
28670	6202
28673	6203
28689	6204
28693	6205
28698	6206
28702	6207
28708	6208
28712	6209
28715	6210
28717	6211
28720	6212
28721	6213
28730	6214
28732	6215
28734	6216
28740	6217
28744	6218
28748	6219
28751	6220
28752	6221
28763	6222
28769	6223
28770	6224
28771	6225
28773	6226
28774	6227
28777	6228
28782	6229
28797	6230
28799	6231
28801	6232
28810	6233
28814	6234
28819	6235
28820	6236
28822	6237
28825	6238
28829	6239
28838	6240
28844	6241
28851	6242
28852	6243
28860	6244
28868	6245
28870	6246
28878	6247
28882	6248
28884	6249
28887	6250
28894	6251
28898	6252
28899	6253
28901	6254
28903	6255
28905	6256
28908	6257
28911	6258
28913	6259
28915	6260
28919	6261
28922	6262
28926	6263
28927	6264
28928	6265
28930	6266
28932	6267
28933	6268
28934	6269
28936	6270
28941	6271
28944	6272
28946	6273
28949	6274
28958	6275
28961	6276
28964	6277
28970	6278
28976	6279
28979	6280
28989	6281
28990	6282
28994	6283
28996	6284
28999	6285
29002	6286
29008	6287
29010	6288
29015	6289
29016	6290
29023	6291
29024	6292
29029	6293
29030	6294
29039	6295
29047	6296
29048	6297
29051	6298
29054	6299
29058	6300
29059	6301
29066	6302
29078	6303
29080	6304
29081	6305
29082	6306
29083	6307
29084	6308
29085	6309
29086	6310
29087	6311
29088	6312
29089	6313
29090	6314
29091	6315
29093	6316
29094	6317
29095	6318
29096	6319
29098	6320
29099	6321
29100	6322
29101	6323
29102	6324
29104	6325
29105	6326
29107	6327
29108	6328
29109	6329
29110	6330
29111	6331
29112	6332
29113	6333
29114	6334
29115	6335
29116	6336
29117	6337
29118	6338
29119	6339
29120	6340
29122	6341
29125	6342
29127	6343
29128	6344
29138	6345
29144	6346
29149	6347
29150	6348
29154	6349
29155	6350
29158	6351
29160	6352
29162	6353
29163	6354
29174	6355
29178	6356
29183	6357
29189	6358
29194	6359
29200	6360
29216	6361
29222	6362
29224	6363
29227	6364
29236	6365
29238	6366
29241	6367
29244	6368
29252	6369
29254	6370
29256	6371
29257	6372
29259	6373
29263	6374
29265	6375
29272	6376
29273	6377
29276	6378
29278	6379
29280	6380
29282	6381
29284	6382
29288	6383
29289	6384
29290	6385
29300	6386
29301	6387
29304	6388
29305	6389
29306	6390
29310	6391
29311	6392
29312	6393
29314	6394
29321	6395
29323	6396
29324	6397
29329	6398
29334	6399
29341	6400
29355	6401
29356	6402
29367	6403
29368	6404
29371	6405
29374	6406
29376	6407
29380	6408
29382	6409
29383	6410
29385	6411
29386	6412
29389	6413
29400	6414
29403	6415
29405	6416
29406	6417
29411	6418
29412	6419
29414	6420
29415	6421
29417	6422
29420	6423
29421	6424
29423	6425
29426	6426
29431	6427
29439	6428
29441	6429
29445	6430
29447	6431
29451	6432
29456	6433
29458	6434
29461	6435
29462	6436
29464	6437
29471	6438
29472	6439
29477	6440
29487	6441
29493	6442
29496	6443
29497	6444
29498	6445
29502	6446
29511	6447
29516	6448
29517	6449
29523	6450
29524	6451
29531	6452
29532	6453
29540	6454
29543	6455
29544	6456
29545	6457
29550	6458
29558	6459
29560	6460
29561	6461
29565	6462
29569	6463
29576	6464
29580	6465
29581	6466
29582	6467
29588	6468
29593	6469
29601	6470
29603	6471
29604	6472
29607	6473
29609	6474
29616	6475
29623	6476
29624	6477
29630	6478
29634	6479
29637	6480
29639	6481
29641	6482
29643	6483
29645	6484
29655	6485
29661	6486
29663	6487
29664	6488
29666	6489
29668	6490
29671	6491
29674	6492
29675	6493
29691	6494
29693	6495
29700	6496
29703	6497
29706	6498
29710	6499
29711	6500
29712	6501
29715	6502
29718	6503
29719	6504
29722	6505
29732	6506
29734	6507
29740	6508
29744	6509
29758	6510
29761	6511
29763	6512
29764	6513
29765	6514
29767	6515
29775	6516
29778	6517
29783	6518
29784	6519
29797	6520
29803	6521
29807	6522
29811	6523
29825	6524
29828	6525
29836	6526
29851	6527
29859	6528
29861	6529
29868	6530
29871	6531
29880	6532
29883	6533
29884	6534
29885	6535
29886	6536
29887	6537
29888	6538
29890	6539
29891	6540
29895	6541
29900	6542
29901	6543
29902	6544
29908	6545
29909	6546
29915	6547
29918	6548
29923	6549
29926	6550
29930	6551
29932	6552
29934	6553
29935	6554
29941	6555
29945	6556
29946	6557
29954	6558
29955	6559
29956	6560
29957	6561
29964	6562
29965	6563
29966	6564
29968	6565
29981	6566
29986	6567
29988	6568
29991	6569
29994	6570
29996	6571
29999	6572
30001	6573
30002	6574
30009	6575
30010	6576
30016	6577
30018	6578
30020	6579
30023	6580
30026	6581
30028	6582
30033	6583
30037	6584
30043	6585
30048	6586
30061	6587
30065	6588
30068	6589
30069	6590
30082	6591
30087	6592
30088	6593
30090	6594
30094	6595
30095	6596
30097	6597
30099	6598
30101	6599
30109	6600
30110	6601
30114	6602
30116	6603
30118	6604
30119	6605
30129	6606
30135	6607
30137	6608
30140	6609
30141	6610
30143	6611
30145	6612
30147	6613
30149	6614
30150	6615
30151	6616
30152	6617
30161	6618
30162	6619
30171	6620
30175	6621
30187	6622
30188	6623
30193	6624
30194	6625
30197	6626
30199	6627
30202	6628
30206	6629
30209	6630
30211	6631
30218	6632
30228	6633
30231	6634
30234	6635
30238	6636
30241	6637
30251	6638
30257	6639
30267	6640
30269	6641
30283	6642
30284	6643
30285	6644
30286	6645
30300	6646
30302	6647
30304	6648
30307	6649
30310	6650
30312	6651
30320	6652
30323	6653
30329	6654
30332	6655
30335	6656
30345	6657
30347	6658
30353	6659
30355	6660
30360	6661
30364	6662
30369	6663
30377	6664
30381	6665
30382	6666
30383	6667
30397	6668
30408	6669
30409	6670
30412	6671
30413	6672
30421	6673
30423	6674
30429	6675
30434	6676
30444	6677
30447	6678
30450	6679
30451	6680
30458	6681
30471	6682
30476	6683
30477	6684
30479	6685
30483	6686
30498	6687
30504	6688
30508	6689
30510	6690
30522	6691
30524	6692
30529	6693
30533	6694
30538	6695
30539	6696
30550	6697
30552	6698
30553	6699
30556	6700
30557	6701
30562	6702
30564	6703
30565	6704
30568	6705
30569	6706
30571	6707
30572	6708
30574	6709
30575	6710
30577	6711
30584	6712
30586	6713
30594	6714
30601	6715
30605	6716
30610	6717
30614	6718
30616	6719
30622	6720
30630	6721
30631	6722
30637	6723
30641	6724
30646	6725
30647	6726
30655	6727
30657	6728
30659	6729
30662	6730
30663	6731
30672	6732
30673	6733
30677	6734
30684	6735
30686	6736
30690	6737
30695	6738
30719	6739
30720	6740
30722	6741
30724	6742
30725	6743
30726	6744
30738	6745
30746	6746
30747	6747
30752	6748
30753	6749
30754	6750
30760	6751
30765	6752
30767	6753
30778	6754
30780	6755
30782	6756
30785	6757
30790	6758
30792	6759
30798	6760
30806	6761
30818	6762
30820	6763
30825	6764
30831	6765
30833	6766
30836	6767
30840	6768
30842	6769
30851	6770
30853	6771
30854	6772
30855	6773
30859	6774
30861	6775
30869	6776
30873	6777
30876	6778
30877	6779
30882	6780
30883	6781
30884	6782
30887	6783
30888	6784
30889	6785
30891	6786
30894	6787
30895	6788
30896	6789
30898	6790
30901	6791
30904	6792
30917	6793
30922	6794
30923	6795
30924	6796
30925	6797
30933	6798
30936	6799
30943	6800
30947	6801
30952	6802
30954	6803
30955	6804
30960	6805
30962	6806
30965	6807
30969	6808
30970	6809
30983	6810
30986	6811
30989	6812
31005	6813
31007	6814
31008	6815
31021	6816
31022	6817
31023	6818
31032	6819
31033	6820
31035	6821
31036	6822
31038	6823
31042	6824
31045	6825
31048	6826
31049	6827
31058	6828
31061	6829
31063	6830
31064	6831
31067	6832
31070	6833
31071	6834
31073	6835
31075	6836
31079	6837
31081	6838
31084	6839
31085	6840
31089	6841
31090	6842
31094	6843
31095	6844
31096	6845
31101	6846
31102	6847
31104	6848
31106	6849
31111	6850
31113	6851
31117	6852
31124	6853
31129	6854
31132	6855
31134	6856
31139	6857
31142	6858
31144	6859
31147	6860
31152	6861
31153	6862
31155	6863
31156	6864
31159	6865
31160	6866
31162	6867
31163	6868
31167	6869
31169	6870
31170	6871
31171	6872
31172	6873
31173	6874
31175	6875
31177	6876
31179	6877
31187	6878
31194	6879
31196	6880
31197	6881
31203	6882
31205	6883
31210	6884
31211	6885
31218	6886
31219	6887
31225	6888
31230	6889
31232	6890
31234	6891
31236	6892
31237	6893
31238	6894
31239	6895
31241	6896
31243	6897
31245	6898
31247	6899
31253	6900
31254	6901
31260	6902
31271	6903
31279	6904
31287	6905
31288	6906
31296	6907
31301	6908
31306	6909
31308	6910
31309	6911
31314	6912
31315	6913
31326	6914
31327	6915
31335	6916
31338	6917
31341	6918
31344	6919
31345	6920
31346	6921
31352	6922
31355	6923
31360	6924
31365	6925
31375	6926
31380	6927
31383	6928
31384	6929
31394	6930
31396	6931
31406	6932
31407	6933
31409	6934
31414	6935
31425	6936
31426	6937
31427	6938
31431	6939
31433	6940
31434	6941
31435	6942
31440	6943
31441	6944
31444	6945
31446	6946
31450	6947
31472	6948
31478	6949
31482	6950
31484	6951
31486	6952
31489	6953
31491	6954
31492	6955
31495	6956
31496	6957
31502	6958
31507	6959
31513	6960
31514	6961
31515	6962
31516	6963
31517	6964
31525	6965
31527	6966
31528	6967
31532	6968
31543	6969
31549	6970
31550	6971
31552	6972
31553	6973
31554	6974
31557	6975
31558	6976
31560	6977
31578	6978
31582	6979
31585	6980
31591	6981
31593	6982
31595	6983
31597	6984
31598	6985
31600	6986
31601	6987
31602	6988
31603	6989
31604	6990
31606	6991
31607	6992
31608	6993
31612	6994
31617	6995
31620	6996
31624	6997
31634	6998
31640	6999
31646	7000
31647	7001
31655	7002
31665	7003
31667	7004
31669	7005
31670	7006
31671	7007
31676	7008
31679	7009
31682	7010
31684	7011
31687	7012
31689	7013
31692	7014
31693	7015
31695	7016
31696	7017
31699	7018
31702	7019
31710	7020
31711	7021
31718	7022
31720	7023
31721	7024
31724	7025
31732	7026
31734	7027
31735	7028
31736	7029
31738	7030
31740	7031
31744	7032
31747	7033
31759	7034
31761	7035
31762	7036
31766	7037
31767	7038
31777	7039
31779	7040
31781	7041
31782	7042
31783	7043
31786	7044
31788	7045
31789	7046
31793	7047
31802	7048
31803	7049
31805	7050
31813	7051
31819	7052
31822	7053
31826	7054
31827	7055
31829	7056
31834	7057
31836	7058
31851	7059
31852	7060
31853	7061
31854	7062
31856	7063
31857	7064
31858	7065
31863	7066
31880	7067
31881	7068
31884	7069
31887	7070
31890	7071
31892	7072
31898	7073
31899	7074
31907	7075
31908	7076
31914	7077
31919	7078
31929	7079
31936	7080
31938	7081
31942	7082
31944	7083
31947	7084
31949	7085
31951	7086
31952	7087
31957	7088
31959	7089
31960	7090
31967	7091
31969	7092
31976	7093
31985	7094
31987	7095
31989	7096
31990	7097
31992	7098
31997	7099
32000	7100
32002	7101
32009	7102
32012	7103
32014	7104
32015	7105
32016	7106
32019	7107
32027	7108
32036	7109
32045	7110
32055	7111
32059	7112
32064	7113
32070	7114
32072	7115
32073	7116
32074	7117
32075	7118
32078	7119
32080	7120
32082	7121
32084	7122
32095	7123
32101	7124
32103	7125
32106	7126
32114	7127
32118	7128
32119	7129
32121	7130
32124	7131
32130	7132
32131	7133
32134	7134
32136	7135
32139	7136
32140	7137
32143	7138
32148	7139
32151	7140
32152	7141
32153	7142
32155	7143
32157	7144
32158	7145
32159	7146
32161	7147
32162	7148
32163	7149
32165	7150
32166	7151
32167	7152
32169	7153
32171	7154
32172	7155
32173	7156
32179	7157
32181	7158
32182	7159
32184	7160
32185	7161
32197	7162
32198	7163
32205	7164
32212	7165
32214	7166
32216	7167
32217	7168
32228	7169
32231	7170
32238	7171
32239	7172
32241	7173
32242	7174
32254	7175
32261	7176
32262	7177
32263	7178
32265	7179
32267	7180
32269	7181
32278	7182
32280	7183
32282	7184
32286	7185
32297	7186
32298	7187
32299	7188
32300	7189
32303	7190
32305	7191
32315	7192
32317	7193
32321	7194
32324	7195
32329	7196
32339	7197
32342	7198
32347	7199
32352	7200
32355	7201
32360	7202
32363	7203
32364	7204
32366	7205
32367	7206
32369	7207
32371	7208
32374	7209
32375	7210
32385	7211
32402	7212
32403	7213
32405	7214
32406	7215
32407	7216
32410	7217
32414	7218
32418	7219
32425	7220
32426	7221
32427	7222
32432	7223
32434	7224
32435	7225
32445	7226
32448	7227
32453	7228
32455	7229
32456	7230
32458	7231
32462	7232
32464	7233
32467	7234
32468	7235
32472	7236
32476	7237
32477	7238
32479	7239
32487	7240
32488	7241
32490	7242
32493	7243
32498	7244
32499	7245
32519	7246
32524	7247
32525	7248
32530	7249
32536	7250
32537	7251
32538	7252
32539	7253
32542	7254
32544	7255
32545	7256
32546	7257
32547	7258
32562	7259
32565	7260
32571	7261
32578	7262
32579	7263
32580	7264
32584	7265
32589	7266
32593	7267
32596	7268
32597	7269
32601	7270
32609	7271
32616	7272
32623	7273
32624	7274
32629	7275
32632	7276
32636	7277
32637	7278
32638	7279
32643	7280
32645	7281
32646	7282
32649	7283
32652	7284
32653	7285
32655	7286
32656	7287
32658	7288
32668	7289
32669	7290
32671	7291
32672	7292
32675	7293
32678	7294
32680	7295
32684	7296
32689	7297
32690	7298
32692	7299
32694	7300
32699	7301
32701	7302
32703	7303
32704	7304
32705	7305
32706	7306
32711	7307
32717	7308
32730	7309
32738	7310
32741	7311
32742	7312
32749	7313
32751	7314
32755	7315
32763	7316
32765	7317
32768	7318
32770	7319
32772	7320
32785	7321
32786	7322
32787	7323
32794	7324
32798	7325
32801	7326
32807	7327
32808	7328
32810	7329
32813	7330
32814	7331
32816	7332
32828	7333
32834	7334
32835	7335
32836	7336
32838	7337
32839	7338
32841	7339
32843	7340
32844	7341
32847	7342
32854	7343
32857	7344
32869	7345
32874	7346
32875	7347
32879	7348
32880	7349
32882	7350
32884	7351
32889	7352
32890	7353
32892	7354
32893	7355
32895	7356
32896	7357
32897	7358
32900	7359
32903	7360
32906	7361
32908	7362
32913	7363
32916	7364
32919	7365
32927	7366
32928	7367
32931	7368
32935	7369
32937	7370
32941	7371
32953	7372
32955	7373
32961	7374
32965	7375
32967	7376
32972	7377
32977	7378
32978	7379
32979	7380
32980	7381
32982	7382
32985	7383
32989	7384
32999	7385
33005	7386
33011	7387
33016	7388
33024	7389
33028	7390
33029	7391
33030	7392
33031	7393
33033	7394
33040	7395
33041	7396
33046	7397
33047	7398
33050	7399
33061	7400
33062	7401
33063	7402
33070	7403
33071	7404
33073	7405
33074	7406
33075	7407
33084	7408
33092	7409
33094	7410
33101	7411
33104	7412
33106	7413
33108	7414
33114	7415
33116	7416
33120	7417
33128	7418
33129	7419
33131	7420
33132	7421
33137	7422
33143	7423
33145	7424
33152	7425
33159	7426
33170	7427
33172	7428
33174	7429
33176	7430
33178	7431
33180	7432
33181	7433
33185	7434
33188	7435
33189	7436
33193	7437
33202	7438
33205	7439
33209	7440
33213	7441
33214	7442
33222	7443
33226	7444
33228	7445
33235	7446
33237	7447
33238	7448
33241	7449
33244	7450
33249	7451
33252	7452
33256	7453
33257	7454
33260	7455
33266	7456
33268	7457
33272	7458
33273	7459
33274	7460
33284	7461
33287	7462
33289	7463
33293	7464
33299	7465
33301	7466
33306	7467
33309	7468
33310	7469
33311	7470
33314	7471
33315	7472
33317	7473
33320	7474
33323	7475
33325	7476
33328	7477
33329	7478
33331	7479
33333	7480
33339	7481
33344	7482
33346	7483
33348	7484
33354	7485
33357	7486
33360	7487
33362	7488
33365	7489
33375	7490
33378	7491
33386	7492
33392	7493
33393	7494
33397	7495
33400	7496
33402	7497
33404	7498
33410	7499
33412	7500
33414	7501
33415	7502
33422	7503
33423	7504
33427	7505
33433	7506
33440	7507
33444	7508
33446	7509
33451	7510
33452	7511
33459	7512
33462	7513
33469	7514
33472	7515
33473	7516
33474	7517
33481	7518
33485	7519
33487	7520
33489	7521
33490	7522
33499	7523
33512	7524
33518	7525
33521	7526
33527	7527
33529	7528
33531	7529
33535	7530
33538	7531
33540	7532
33541	7533
33545	7534
33547	7535
33553	7536
33554	7537
33557	7538
33561	7539
33563	7540
33566	7541
33568	7542
33569	7543
33584	7544
33592	7545
33594	7546
33601	7547
33603	7548
33605	7549
33611	7550
33613	7551
33615	7552
33621	7553
33622	7554
33626	7555
33632	7556
33634	7557
33637	7558
33639	7559
33649	7560
33651	7561
33653	7562
33680	7563
33685	7564
33687	7565
33690	7566
33691	7567
33692	7568
33697	7569
33700	7570
33704	7571
33705	7572
33712	7573
33717	7574
33720	7575
33723	7576
33727	7577
33728	7578
33730	7579
33742	7580
33743	7581
33746	7582
33748	7583
33751	7584
33753	7585
33755	7586
33756	7587
33757	7588
33758	7589
33763	7590
33764	7591
33777	7592
33779	7593
33781	7594
33783	7595
33784	7596
33785	7597
33786	7598
33787	7599
33789	7600
33790	7601
33791	7602
33793	7603
33795	7604
33796	7605
33797	7606
33798	7607
33799	7608
33800	7609
33802	7610
33803	7611
33804	7612
33805	7613
33806	7614
33807	7615
33808	7616
33809	7617
33810	7618
33811	7619
33812	7620
33814	7621
33815	7622
33816	7623
33818	7624
33820	7625
33821	7626
33822	7627
33824	7628
33826	7629
33828	7630
33829	7631
33830	7632
33831	7633
33832	7634
33833	7635
33835	7636
33842	7637
33847	7638
33849	7639
33851	7640
33857	7641
33860	7642
33866	7643
33867	7644
33870	7645
33874	7646
33875	7647
33878	7648
33885	7649
33886	7650
33888	7651
33898	7652
33902	7653
33904	7654
33906	7655
33908	7656
33914	7657
33916	7658
33917	7659
33938	7660
33943	7661
33945	7662
33953	7663
33966	7664
33982	7665
33983	7666
33986	7667
33988	7668
33989	7669
33992	7670
33995	7671
33996	7672
33998	7673
34000	7674
34003	7675
34007	7676
34011	7677
34015	7678
34016	7679
34022	7680
34028	7681
34032	7682
34036	7683
34037	7684
34040	7685
34048	7686
34049	7687
34053	7688
34057	7689
34062	7690
34067	7691
34068	7692
34071	7693
34085	7694
34088	7695
34090	7696
34091	7697
34097	7698
34098	7699
34099	7700
34101	7701
34104	7702
34106	7703
34118	7704
34119	7705
34122	7706
34127	7707
34128	7708
34131	7709
34133	7710
34138	7711
34141	7712
34151	7713
34153	7714
34157	7715
34165	7716
34172	7717
34178	7718
34187	7719
34189	7720
34197	7721
34202	7722
34204	7723
34214	7724
34215	7725
34217	7726
34218	7727
34222	7728
34224	7729
34229	7730
34234	7731
34235	7732
34237	7733
34239	7734
34240	7735
34241	7736
34242	7737
34244	7738
34245	7739
34246	7740
34247	7741
34248	7742
34252	7743
34264	7744
34266	7745
34268	7746
34271	7747
34276	7748
34278	7749
34283	7750
34285	7751
34286	7752
34289	7753
34294	7754
34296	7755
34297	7756
34308	7757
34312	7758
34318	7759
34320	7760
34323	7761
34325	7762
34326	7763
34336	7764
34337	7765
34341	7766
34344	7767
34346	7768
34350	7769
34352	7770
34353	7771
34358	7772
34360	7773
34365	7774
34366	7775
34372	7776
34378	7777
34380	7778
34384	7779
34394	7780
34395	7781
34401	7782
34403	7783
34404	7784
34408	7785
34409	7786
34412	7787
34416	7788
34417	7789
34419	7790
34421	7791
34437	7792
34439	7793
34440	7794
34443	7795
34449	7796
34458	7797
34459	7798
34474	7799
34475	7800
34476	7801
34477	7802
34482	7803
34484	7804
34489	7805
34495	7806
34509	7807
34518	7808
34521	7809
34523	7810
34528	7811
34531	7812
34540	7813
34541	7814
34542	7815
34543	7816
34544	7817
34546	7818
34547	7819
34552	7820
34559	7821
34561	7822
34563	7823
34565	7824
34571	7825
34572	7826
34574	7827
34575	7828
34583	7829
34588	7830
34593	7831
34595	7832
34600	7833
34602	7834
34607	7835
34609	7836
34610	7837
34618	7838
34625	7839
34628	7840
34634	7841
34662	7842
34663	7843
34665	7844
34667	7845
34675	7846
34676	7847
34677	7848
34682	7849
34696	7850
34699	7851
34701	7852
34702	7853
34703	7854
34707	7855
34711	7856
34712	7857
34717	7858
34726	7859
34730	7860
34731	7861
34736	7862
34739	7863
34744	7864
34747	7865
34755	7866
34760	7867
34762	7868
34766	7869
34771	7870
34777	7871
34785	7872
34786	7873
34791	7874
34799	7875
34800	7876
34804	7877
34806	7878
34809	7879
34814	7880
34819	7881
34820	7882
34821	7883
34826	7884
34833	7885
34835	7886
34841	7887
34844	7888
34846	7889
34848	7890
34855	7891
34858	7892
34869	7893
34871	7894
34873	7895
34879	7896
34881	7897
34883	7898
34897	7899
34904	7900
34905	7901
34911	7902
34912	7903
34915	7904
34916	7905
34922	7906
34928	7907
34929	7908
34931	7909
34934	7910
34935	7911
34936	7912
34939	7913
34940	7914
34942	7915
34946	7916
34950	7917
34951	7918
34952	7919
34958	7920
34961	7921
34963	7922
34965	7923
34967	7924
34968	7925
34969	7926
34970	7927
34972	7928
34974	7929
34975	7930
34977	7931
34979	7932
34981	7933
34986	7934
34991	7935
34993	7936
34994	7937
35000	7938
35002	7939
35003	7940
35005	7941
35007	7942
35008	7943
35010	7944
35020	7945
35032	7946
35035	7947
35039	7948
35040	7949
35049	7950
35053	7951
35054	7952
35058	7953
35059	7954
35060	7955
35062	7956
35067	7957
35070	7958
35073	7959
35075	7960
35082	7961
35088	7962
35094	7963
35105	7964
35109	7965
35114	7966
35117	7967
35131	7968
35136	7969
35137	7970
35138	7971
35142	7972
35146	7973
35149	7974
35154	7975
35166	7976
35170	7977
35171	7978
35177	7979
35182	7980
35186	7981
35189	7982
35203	7983
35204	7984
35212	7985
35224	7986
35234	7987
35237	7988
35243	7989
35249	7990
35253	7991
35254	7992
35256	7993
35260	7994
35263	7995
35265	7996
35266	7997
35271	7998
35273	7999
35275	8000
35278	8001
35282	8002
35290	8003
35295	8004
35296	8005
35298	8006
35306	8007
35311	8008
35313	8009
35319	8010
35322	8011
35323	8012
35324	8013
35325	8014
35327	8015
35329	8016
35330	8017
35331	8018
35332	8019
35333	8020
35338	8021
35342	8022
35346	8023
35348	8024
35350	8025
35354	8026
35357	8027
35361	8028
35362	8029
35363	8030
35367	8031
35372	8032
35379	8033
35383	8034
35384	8035
35389	8036
35391	8037
35392	8038
35394	8039
35395	8040
35398	8041
35399	8042
35401	8043
35405	8044
35406	8045
35409	8046
35413	8047
35424	8048
35428	8049
35432	8050
35437	8051
35438	8052
35442	8053
35443	8054
35444	8055
35445	8056
35447	8057
35450	8058
35451	8059
35453	8060
35455	8061
35456	8062
35457	8063
35458	8064
35460	8065
35462	8066
35463	8067
35464	8068
35466	8069
35467	8070
35468	8071
35469	8072
35470	8073
35472	8074
35477	8075
35478	8076
35486	8077
35490	8078
35496	8079
35497	8080
35499	8081
35502	8082
35505	8083
35507	8084
35508	8085
35510	8086
35511	8087
35513	8088
35522	8089
35524	8090
35525	8091
35530	8092
35536	8093
35541	8094
35543	8095
35549	8096
35554	8097
35556	8098
35561	8099
35566	8100
35575	8101
35581	8102
35583	8103
35587	8104
35591	8105
35594	8106
35596	8107
